7.992866330789132334e-01
7.670521441492722525e-01
7.511391567754878151e-01
7.412949828948330877e-01
7.338202635898972703e-01
7.182902034006853897e-01
7.096998130461211751e-01
7.141733986747957896e-01
7.005952651860378744e-01
6.796112149589141893e-01
6.644182490243322192e-01
6.507288046126051828e-01
6.257729779300520434e-01
8.231040896797308104e-01
7.847046349105805119e-01
7.609950018928125504e-01
7.470034124276051513e-01
7.214605367913493605e-01
7.127805358976367911e-01
7.041005350039242217e-01
7.280188264346501015e-01
7.296565843821697372e-01
7.215499477562627995e-01
7.132689095353270670e-01
7.002633685702203126e-01
6.875028982141626610e-01
6.722779536410713463e-01
6.388368736721445895e-01
6.404767807690842085e-01
8.028034435251564238e-01
7.785087073030660942e-01
7.710599926057574161e-01
7.356779398631791977e-01
7.291224479021929383e-01
7.197031568989342709e-01
7.107460904940462454e-01
7.054632726289443712e-01
6.952362339423553417e-01
6.674532973536124736e-01
7.527737080899308264e-01
7.409055400236407296e-01
7.323807323770074040e-01
7.033196314024013907e-01
6.961587229694780055e-01
6.945273221081250670e-01
6.758099406562295686e-01
6.637559994063955138e-01
7.157648380953837153e-01
7.048645169358171980e-01
6.757802409334207061e-01
8.193582493457020055e-01
7.890935416364360799e-01
7.716909223457121270e-01
7.630867512825361132e-01
7.481987948944667233e-01
7.140707809294079000e-01
7.073713603554289131e-01
6.999303020438847334e-01
6.772285221581387793e-01
6.705291015841596813e-01
7.204291354177188023e-01
7.162544161833376277e-01
7.069538563748828386e-01
7.054453472427790750e-01
6.986342546616814975e-01
6.797633180828249744e-01
6.575248181455672913e-01
6.533500989111856727e-01
6.491753796768046092e-01
6.450006604424231016e-01
6.408259412080420381e-01
6.366512219736605305e-01
6.324765027392793559e-01
6.283017835048980704e-01
6.241270642705165628e-01
6.199523450361351662e-01
6.157776258017541027e-01
8.752154304559681686e-01
8.317100690115779571e-01
8.036361407200811602e-01
7.850873229973444056e-01
7.701844788013596510e-01
7.539239639979685714e-01
7.397079840064929579e-01
7.165411570604279801e-01
7.011915369226277006e-01
6.717658097560860186e-01
6.621042207819293202e-01
6.603791937588138206e-01
6.517738863676685312e-01
6.318011974554120780e-01
6.216828149755990740e-01
5.907053298694182608e-01
6.764716479577608244e-01
6.689830691672588037e-01
6.516766068267157985e-01
6.442215012141760955e-01
6.367663956016362814e-01
6.315778117732929742e-01
6.197465960411989716e-01
6.085770799789981256e-01
6.011219743664583115e-01
5.882191985861748851e-01
5.752889669396386019e-01
5.580646393477219913e-01
6.574673788621342441e-01
6.520730750835452838e-01
6.479538268776168231e-01
6.256987243039957569e-01
6.206386886025806460e-01
6.155786529011655350e-01
6.381538852359142089e-01
6.317199809315505732e-01
6.181692392019551008e-01
6.108949700172837671e-01
6.059424636923069762e-01
6.827400321713230635e-01
6.729505267839777094e-01
6.664944664157326226e-01
6.586745892436045580e-01
6.484863418607305086e-01
6.216342280940412302e-01
6.165067326095472477e-01
6.086738843476711125e-01
6.051057124093977002e-01
6.015375404711242879e-01
6.209346862038958026e-01
6.159674304853313132e-01
6.110001747667667127e-01
7.509803714377493167e-01
7.425694247587838470e-01
7.300359595392689194e-01
7.148275331365401275e-01
7.052520189700695052e-01
6.929096359600970256e-01
6.811133753948771519e-01
6.702637438171470396e-01
6.526949930298283631e-01
7.541292820562690569e-01
7.497881129818286805e-01
7.439903150439264312e-01
7.250875484508132462e-01
7.185731369673262758e-01
7.120587254838395275e-01
7.055443140003524460e-01
6.990299025168654756e-01
6.901448651429757941e-01
6.899172336245863457e-01
6.826162556452212149e-01
6.745157532983347970e-01
6.471884507286733701e-01
6.823774920527175825e-01
6.843600901751716314e-01
6.743997152750459412e-01
7.360860364992705129e-01
7.298591742869087184e-01
7.220245569106981121e-01
7.583533386660989972e-01
7.485402335994782996e-01
7.348413794825341405e-01
7.230900246812180798e-01
7.132769196145974933e-01
7.030835404418114276e-01
6.866919502293145072e-01
6.795196740636865185e-01
6.953436348395429789e-01
6.805322518577623381e-01
6.769629416992526405e-01
6.733936315407430540e-01
6.652271866168976144e-01
6.502390102257034066e-01
6.651102780911128942e-01
6.627290223953450354e-01
6.603477666995770656e-01
8.654195251520984122e-01
8.103941162080199323e-01
7.831051696396506001e-01
7.688102104199392439e-01
7.581806491246161350e-01
7.391094243165901023e-01
7.135608684276399938e-01
6.896310121302202667e-01
6.907649652705389887e-01
6.877672272013041210e-01
6.725924380294483473e-01
8.075109603617849352e-01
7.830940976114132424e-01
7.701847443546870897e-01
7.586583321706068528e-01
7.502539778421669636e-01
7.392295060209785884e-01
7.259338916318164303e-01
7.166858500887599570e-01
6.808468642137608384e-01
6.595464457012631954e-01
6.536561882215972119e-01
6.477659307419311174e-01
6.418756732622650230e-01
6.334571665979579214e-01
6.407974414196285773e-01
6.329106886564735968e-01
6.241386421286196917e-01
6.041773556036155179e-01
5.956141279503467389e-01
5.897238704706807555e-01
5.838336129910147720e-01
6.844466743979834567e-01
6.807109613333442999e-01
6.742328682182331390e-01
6.593886599223837131e-01
6.524051993699795382e-01
6.403077780994246293e-01
6.349116718993846886e-01
6.313231864570360008e-01
6.044161069604010450e-01
5.939602704743959238e-01
5.922696944843877098e-01
5.905791184943796068e-01
5.934482895298406335e-01
7.641926831791077124e-01
7.532543562244206070e-01
7.434526700326734572e-01
7.240661926433625828e-01
6.991447766296905453e-01
6.890092004980798990e-01
6.849497935825547001e-01
6.808903866670295013e-01
6.768309797515044135e-01
6.649483211244816561e-01
6.529421816503000464e-01
6.486367580069087868e-01
6.732627275966385216e-01
6.697423768742709616e-01
6.662220261519035125e-01
6.627016754295362855e-01
6.591813247071687254e-01
7.834930403425764966e-01
7.833411906419246451e-01
7.775770472653983356e-01
7.575767819727302621e-01
7.487550070115043255e-01
7.282866514903202360e-01
7.059109836465904397e-01
6.866734204148325915e-01
6.805262299302736739e-01
6.743790394457147563e-01
6.682318489611558388e-01
9.155342432062911762e-01
8.722414938394872364e-01
8.398097316149303326e-01
8.336038632074393995e-01
8.226507933863965727e-01
7.481250463465753953e-01
7.389358469358615622e-01
7.334750350518675077e-01
7.280142231678737863e-01
7.225534112838797318e-01
6.982469555501066294e-01
6.897917866480479665e-01
6.696306112774358388e-01
6.533077269352710603e-01
6.464733517337332147e-01
6.410125398497390492e-01
6.355517279657451057e-01
6.300909160817511623e-01
8.088546588019428496e-01
7.262239910557520828e-01
7.182821789056198503e-01
7.103403667554876177e-01
7.023985546053552742e-01
6.916599790572584006e-01
6.774005527297112250e-01
6.590123979310221758e-01
6.504639104332584632e-01
6.510545868242568757e-01
7.647200391850194068e-01
7.310235908773381475e-01
7.270764052936488087e-01
7.231292197099592478e-01
7.087452338625245263e-01
6.897202341907345824e-01
6.866830285953584578e-01
6.780162480277989179e-01
6.992837953073484103e-01
6.885095589368976920e-01
6.768636372614877939e-01
7.173154014071831952e-01
7.020915189872088957e-01
6.934176977148730492e-01
6.866905253393017494e-01
6.799633529637302276e-01
6.732361805881583727e-01
6.627254736047660799e-01
6.493061452727543204e-01
6.356701588520037305e-01
6.202074404757450532e-01
6.068403174085358343e-01
7.484450413620684639e-01
7.084267376725470466e-01
6.850946500566715835e-01
6.792623206542635073e-01
6.636965007361689262e-01
6.576507433781179079e-01
7.292121499530457296e-01
7.028021561532206141e-01
6.971979685046109099e-01
6.915937808560016498e-01
6.764432992459294969e-01
6.711342887205129504e-01
6.655505305800032412e-01
6.537510655965900197e-01
6.454692505945446301e-01
6.461693379428109507e-01
6.234268802457352265e-01
6.059499635856089306e-01
6.247422109745085494e-01
6.215517653411813948e-01
6.183613197078545731e-01
6.758429026080285951e-01
6.634007422784791164e-01
6.568077770631666201e-01
7.159070237730726927e-01
7.058015730388370601e-01
6.945183865872723850e-01
6.584034023188273244e-01
6.561277795719600014e-01
6.538521568250932336e-01
6.834468737788851334e-01
6.773861910882500448e-01
6.700030376371248764e-01
6.601688218884677051e-01
6.482280466164933586e-01
6.273548306360939852e-01
6.201467762031320774e-01
6.139442266381998081e-01
5.983211664709147115e-01
8.097812850770781390e-01
7.709577468275372603e-01
7.517165540731168827e-01
7.216418196381005901e-01
7.151515894955275954e-01
7.086613593529544897e-01
7.021711292103816060e-01
6.956808990678083893e-01
6.779097855202717016e-01
6.575097865925162433e-01
7.422128581935290015e-01
7.331847121045613758e-01
7.241565660155939721e-01
7.170098900622990934e-01
6.973469777210962173e-01
6.944665882991415407e-01
6.888390215731478028e-01
6.754167737479085387e-01
6.648371895490365890e-01
6.414910940974927200e-01
6.251048912080061637e-01
6.164688483092267690e-01
6.130658746588376617e-01
5.991967625116675356e-01
5.905607196128880299e-01
5.676595757922809904e-01
6.055458771100331594e-01
6.254300143130163692e-01
6.195597246594822805e-01
6.014063431626717193e-01
5.971741675112218761e-01
6.893006839113078321e-01
6.828274704841991172e-01
6.763542570570901802e-01
6.619148080024112035e-01
6.415678293350287609e-01
6.998873942394181480e-01
6.924091922632481522e-01
6.830178211838062730e-01
6.665327857073773954e-01
6.564730410396169002e-01
8.334713293162436809e-01
8.122945502890541736e-01
7.853810973728976297e-01
7.671632107097327014e-01
7.558477061237215411e-01
7.515262681454719651e-01
7.374550869872342762e-01
7.191453241926614171e-01
6.999163196774664808e-01
6.720144150245186410e-01
6.657781384333899544e-01
6.595418618422609347e-01
6.800673122687947991e-01
6.567136229809603654e-01
6.483170019448911692e-01
6.332451704896359113e-01
6.402174795308377409e-01
6.294855905905700766e-01
6.236323502560554566e-01
6.177791099215407256e-01
6.119258695870261056e-01
5.955209981099677252e-01
6.412007080936711345e-01
6.498372075117817559e-01
6.438228359563955561e-01
6.100853624195419211e-01
6.140674101931768991e-01
6.103433506350985915e-01
6.050123456107202591e-01
5.996813405863423707e-01
5.846024429092010477e-01
5.620833312752532285e-01
5.953566625394356437e-01
5.926002597508858161e-01
5.898438569623360994e-01
5.870874541737863828e-01
5.843310513852366661e-01
6.884929152660030915e-01
6.815985719926230813e-01
6.746816951267504692e-01
6.526909277990555758e-01
6.441715407839325724e-01
7.430944667799793679e-01
7.380984980920626271e-01
7.331025294041456641e-01
7.281065607162290343e-01
7.231105920283121824e-01
6.977266974614132478e-01
6.694386540015958564e-01
6.644426853136792266e-01
6.594467166257624857e-01
4.184999999999999831e-01
