1.655947105507660222e-01
1.551557047484867224e-01
1.502991905497902125e-01
1.475184106365185766e-01
1.455480623020298514e-01
1.408225218244302801e-01
1.384705772106043786e-01
1.405869430635731110e-01
1.365290258667606615e-01
1.299380409943258485e-01
1.253277978648071056e-01
1.212318086627483527e-01
1.132823453048712875e-01
1.735680365890572285e-01
1.609082325723993345e-01
1.535067138380486751e-01
1.494290863737358643e-01
1.413427433141639378e-01
1.389662644223608190e-01
1.365897855305576447e-01
1.435663299273480797e-01
1.446797354007909875e-01
1.424602366863448877e-01
1.401810868768958440e-01
1.362860013761025835e-01
1.324747381028549276e-01
1.278205434009789809e-01
1.168334547928952666e-01
1.172824414517812247e-01
1.669988122419278354e-01
1.591975498412289414e-01
1.571581821653522948e-01
1.455830730254426830e-01
1.438859790257426274e-01
1.412093713426279262e-01
1.386908597103295726e-01
1.374290622077107837e-01
1.344761781878526241e-01
1.255185983195929167e-01
1.514063826949967051e-01
1.478441650026148246e-01
1.454254867944287655e-01
1.359785241971522840e-01
1.340179543832362430e-01
1.339486584502555533e-01
1.280353938812240355e-01
1.244012455351503066e-01
1.401311074552809566e-01
1.366833597866891903e-01
1.270161000908107685e-01
1.724603352485923891e-01
1.626960000274224882e-01
1.573309230702868988e-01
1.549752054657055067e-01
1.504702261222525816e-01
1.393195178518021604e-01
1.374852978123888292e-01
1.353974132171325839e-01
1.280898587427879987e-01
1.262556387033746952e-01
1.414081354495582976e-01
1.402651479935434209e-01
1.373689540774401807e-01
1.371378983734405643e-01
1.350931843194416448e-01
1.289236060409345019e-01
1.216022100752818802e-01
1.204592226192669480e-01
1.193162351632520296e-01
1.181732477072370974e-01
1.170302602512221929e-01
1.158872727952072607e-01
1.147442853391923562e-01
1.136012978831774517e-01
1.124583104271625056e-01
1.113153229711475733e-01
1.101723355151326827e-01
1.915481787789088397e-01
1.771418423399591935e-01
1.679890289293057837e-01
1.623172313189959470e-01
1.580611732360693578e-01
1.533407470470380118e-01
1.493196191659284522e-01
1.422370065434826192e-01
1.376315873211370333e-01
1.280847075310678485e-01
1.253673956898208597e-01
1.253646496807294952e-01
1.230086209633421829e-01
1.167645730168935109e-01
1.138910227375855289e-01
1.038829716973357770e-01
1.296774671818974323e-01
1.276473564892257051e-01
1.222367502873489553e-01
1.201956328564512816e-01
1.181545154255536356e-01
1.168886231653495505e-01
1.133507318061977159e-01
1.100391635484242736e-01
1.079980461175266138e-01
1.040936458957386623e-01
1.001798548625537216e-01
9.479734145244611554e-02
1.236576681757735885e-01
1.222195277286939885e-01
1.212174983222632924e-01
1.139816255295912073e-01
1.125962491703682705e-01
1.112108728111453199e-01
1.182380320012444697e-01
1.163754089339139181e-01
1.120785928461399544e-01
1.099285372854074266e-01
1.085726011643230737e-01
1.313168077330603423e-01
1.284090686738856846e-01
1.266414777050350882e-01
1.244074164282629735e-01
1.213632944612769715e-01
1.125210387090046227e-01
1.110107764816609943e-01
1.085751944169985467e-01
1.075982722487331816e-01
1.066213500804678166e-01
1.123295126301228630e-01
1.109695383040939648e-01
1.096095639780650666e-01
1.505179294806553714e-01
1.482151143672235105e-01
1.445022620057191398e-01
1.398744847340220865e-01
1.371733491475287114e-01
1.335258532011013854e-01
1.300651491348160382e-01
1.269282233898012535e-01
1.214931373656826935e-01
1.510550402944659254e-01
1.501915035863767289e-01
1.486041368813404706e-01
1.423357750839283065e-01
1.405522082879570589e-01
1.387686414919857836e-01
1.369850746960145083e-01
1.352015079000432607e-01
1.326339485533911122e-01
1.330543470746431145e-01
1.310554279189954652e-01
1.287830450717093178e-01
1.199344626976773798e-01
1.299403512767731417e-01
1.310429219748972252e-01
1.280606021749136625e-01
1.453470276182271259e-01
1.436421883225810214e-01
1.413874437579811516e-01
1.521887814021075647e-01
1.495020723407337604e-01
1.454863090025321770e-01
1.421366546335497139e-01
1.394499455721758818e-01
1.365430584078770881e-01
1.314260669092622846e-01
1.294623847481067569e-01
1.337947931463343842e-01
1.289943798357599536e-01
1.280171460366089642e-01
1.270399122374580025e-01
1.244903067946688258e-01
1.196074442978002084e-01
1.236790169403901157e-01
1.230270580332110120e-01
1.223750991260319082e-01
1.880741355746060606e-01
1.694178606370627116e-01
1.603932583094018205e-01
1.561447594078461121e-01
1.531499474337253419e-01
1.472678082416608858e-01
1.391702082815330366e-01
1.314855099628013113e-01
1.317959725693447492e-01
1.309752282708214755e-01
1.259895310539567714e-01
1.686284875604631972e-01
1.608007507734772468e-01
1.570164599377779080e-01
1.537051805403873428e-01
1.514617478546101126e-01
1.483221486088130425e-01
1.444057437319370973e-01
1.418737422048966801e-01
1.301321849297099320e-01
1.232487208238446791e-01
1.216360398184945929e-01
1.200233588131445206e-01
1.184106778077944344e-01
1.159332522324228593e-01
1.188458494455245512e-01
1.165503012346953970e-01
1.139519533708305138e-01
1.075265165518964061e-01
1.049995916272783714e-01
1.033869106219283129e-01
1.017742296165782268e-01
1.313806817807400273e-01
1.305394121801957685e-01
1.287601581942565687e-01
1.241194170105099082e-01
1.221673107005514930e-01
1.184660612328739815e-01
1.170568824417874548e-01
1.162659695417243844e-01
1.074993287302365291e-01
1.041990084331052974e-01
1.037361492462872542e-01
1.032732900594692249e-01
1.040588342646184411e-01
1.543074472015273646e-01
1.511405189149168660e-01
1.483623592409053227e-01
1.423058849951996108e-01
1.343562792694583674e-01
1.313152654851158785e-01
1.302038491424086508e-01
1.290924327997015064e-01
1.279810164569943065e-01
1.241937901195577926e-01
1.203643292615958899e-01
1.191687670875169192e-01
1.259110586652252006e-01
1.249472293654482619e-01
1.239834000656713370e-01
1.230195707658944537e-01
1.220557414661174872e-01
1.601094129518713938e-01
1.604769910049811954e-01
1.589249796002713822e-01
1.525037451775405617e-01
1.499059229698221640e-01
1.433245862573929164e-01
1.360908858522247578e-01
1.299305206783492039e-01
1.282474945347655826e-01
1.265644683911819612e-01
1.248814422475983538e-01
2.052643452633903243e-01
1.908223416825606811e-01
1.801046680739500361e-01
1.784055766272668042e-01
1.750827857960032818e-01
1.499906203232338198e-01
1.472202848616005477e-01
1.457251808479800292e-01
1.442300768343595385e-01
1.427349728207389923e-01
1.347940373255319679e-01
1.322747644966667802e-01
1.257516515432550996e-01
1.205413606586393932e-01
1.185764527081116515e-01
1.170813486944911191e-01
1.155862446808705868e-01
1.140911406672500822e-01
1.707809635826076922e-01
1.429946965886024490e-01
1.408203248150780573e-01
1.386459530415536656e-01
1.364715812680292739e-01
1.333406242114098528e-01
1.290054201162147418e-01
1.232580547719614589e-01
1.207620329060927478e-01
1.209237529326552957e-01
1.561676162917628452e-01
1.450540051872236946e-01
1.439733136830946836e-01
1.428926221789656170e-01
1.382092250162727520e-01
1.319073972855142329e-01
1.310758472573678168e-01
1.283187969983509424e-01
1.352710206644717195e-01
1.319782914339830138e-01
1.283874170923200442e-01
1.412683409920741373e-01
1.365203678997144454e-01
1.340127316559289183e-01
1.321709135100752053e-01
1.303290953642214089e-01
1.284872772183675849e-01
1.253513655047288622e-01
1.212206094012464874e-01
1.170157490888410617e-01
1.121860862257192532e-01
1.080731860438520070e-01
1.513142597228700204e-01
1.382502543888486923e-01
1.306445944944197579e-01
1.290244288241025883e-01
1.240750885131178954e-01
1.223819234458844302e-01
1.454968051118722683e-01
1.369795418786201313e-01
1.354451833208610290e-01
1.339108247631019821e-01
1.291575162208179195e-01
1.278165124968707600e-01
1.263815360309480385e-01
1.228205829113400011e-01
1.204627820518424791e-01
1.212179304605665725e-01
1.139957981903723938e-01
1.085746545440797600e-01
1.137197437895903218e-01
1.128462384989930151e-01
1.119727332083957499e-01
1.288531887555709188e-01
1.248744685962472067e-01
1.228963659966006983e-01
1.414219206284842156e-01
1.382681456926961316e-01
1.347115463151292436e-01
1.225879923285061318e-01
1.219649544406235936e-01
1.213419165527411386e-01
1.312828410824239400e-01
1.296234997228344343e-01
1.275118297652202415e-01
1.245618156975984575e-01
1.208912888259849466e-01
1.141655727560228067e-01
1.121137924351155446e-01
1.104059279275864669e-01
1.054759382277692253e-01
1.699627066719521518e-01
1.573648113569596774e-01
1.514647237731280016e-01
1.417401536702301568e-01
1.399632074319017982e-01
1.381862611935734120e-01
1.364093149552450535e-01
1.346323687169166949e-01
1.289969884568356595e-01
1.224624427301688190e-01
1.488627271917316586e-01
1.463909303710553000e-01
1.439191335503789970e-01
1.419624604166394854e-01
1.357537686640624408e-01
1.354426009948105913e-01
1.341918081212926106e-01
1.302749773443238057e-01
1.273304312417581907e-01
1.199769910061896372e-01
1.149617370632603774e-01
1.125972933369328993e-01
1.120227318123213356e-01
1.078684058842778043e-01
1.055039621579502984e-01
9.826038363830537359e-02
1.075322705991594990e-01
1.146221263130214052e-01
1.129031189949151887e-01
1.069828893293146288e-01
1.058241710036795513e-01
1.328855432464758901e-01
1.311132559783024509e-01
1.293409687101290118e-01
1.248439662341740003e-01
1.183263938769509860e-01
1.361815154443371256e-01
1.341340745094079800e-01
1.314322666696509101e-01
1.263041917490563548e-01
1.233737781078002443e-01
1.776240540342046148e-01
1.708322673476814768e-01
1.620783490700143381e-01
1.564390672998072773e-01
1.533010939329617628e-01
1.525553219195952270e-01
1.484748163185678205e-01
1.429445760644532382e-01
1.369346713004677696e-01
1.278049953232025249e-01
1.260975784849163450e-01
1.243901616466301652e-01
1.306330681270333194e-01
1.232183647684841760e-01
1.209194718422008513e-01
1.162506502498417693e-01
1.190348647963452716e-01
1.157636599783077314e-01
1.141611138180071428e-01
1.125585676577065403e-01
1.109560214974059655e-01
1.057444696303836973e-01
1.190045562441293947e-01
1.224236784894289498e-01
1.208317198660461972e-01
1.097068765517004718e-01
1.114326831613603463e-01
1.105227470160797254e-01
1.090631825451004733e-01
1.076036180741212489e-01
1.028099529567985115e-01
9.547148938446922695e-02
1.045813236319035056e-01
1.038266540040419655e-01
1.030719843761804255e-01
1.023173147483188716e-01
1.015626451204573732e-01
1.330618454010966401e-01
1.311742578924477987e-01
1.292789631523008353e-01
1.222279009327667948e-01
1.197844948915712665e-01
1.480110874831635503e-01
1.466432518946276242e-01
1.452754163060917258e-01
1.439075807175558275e-01
1.425397451290198458e-01
1.341985667604474186e-01
1.248640737293246761e-01
1.234962381407887499e-01
1.221284025522528377e-01
1.517499999999999960e-01
