1.743400850136574698e-01
1.709509973519107717e-01
1.627203431788837029e-01
1.505454725191885390e-01
1.458960430724681734e-01
1.433044965980620478e-01
1.313159322974922771e-01
1.288543529016052958e-01
1.263927735057183144e-01
1.239311941098313469e-01
1.212663090990129533e-01
1.188710140637566498e-01
1.124227217298265080e-01
1.328584751549111154e-01
1.300371095909388097e-01
1.293789143178697698e-01
1.247569764661862479e-01
1.215160664304499871e-01
1.456116264060327292e-01
1.458275740571547407e-01
1.431903815725396878e-01
1.771954010729041573e-01
1.667512356096898518e-01
1.593672019742743418e-01
1.533580673024436125e-01
1.486216127619756633e-01
1.458389185314400982e-01
1.430711016478006248e-01
1.387833445665681009e-01
1.324607015955292511e-01
1.273564216338419486e-01
1.219676144750628521e-01
1.339072078231410279e-01
1.313528696374159643e-01
1.302712008924128695e-01
1.289161261219108900e-01
1.233591553313119066e-01
1.184218784975663158e-01
1.131031779963959649e-01
1.510149380975813471e-01
1.426514998344693697e-01
1.376354729694505286e-01
1.335503187938911207e-01
1.396182406073369353e-01
1.367131563722296939e-01
1.338080721371224246e-01
1.314022883238185613e-01
1.288222178735733969e-01
2.090709172555196560e-01
1.792620505110370521e-01
1.568159234248936162e-01
1.515453217382526918e-01
1.490215517402429524e-01
1.436488889279337322e-01
1.446051822486763005e-01
1.350975860745934620e-01
1.299371800145300293e-01
1.229201602780465169e-01
1.434495619536919064e-01
1.401656073564033489e-01
1.371343220222835668e-01
1.733063495718971669e-01
1.602808945555522779e-01
1.540947207248559991e-01
1.519089090302235545e-01
1.501840592733134083e-01
1.458817354719595394e-01
1.384455649342691830e-01
1.334590182906844058e-01
1.310694014695275023e-01
1.269539987389143032e-01
1.234958008407288782e-01
1.201669840852123278e-01
1.132269107705003858e-01
1.373193737165867012e-01
1.324389198966492986e-01
1.293695959718812460e-01
1.231634564533859860e-01
1.194959472318516819e-01
1.630199728393381398e-01
1.527394034877364026e-01
1.489082852805726775e-01
1.452747553469596609e-01
1.423237239373336682e-01
1.388582896045687243e-01
1.315147273459603972e-01
1.259868918985269093e-01
1.185658096241525156e-01
1.139816382071669049e-01
1.112785888669431539e-01
1.085755395267194029e-01
1.055716419099222009e-01
1.011365856698460269e-01
9.847439043745608023e-02
1.169982702057162094e-01
1.128648420543162806e-01
1.101252203618877379e-01
1.078420951720208409e-01
1.096145993952289399e-01
1.440538434777286492e-01
1.409361503255979753e-01
1.344132382831447481e-01
1.908096398480794986e-01
1.686115216404300843e-01
1.594238344200461788e-01
1.520062818344052324e-01
1.473297871441555107e-01
1.399419944380609626e-01
1.323894560361732753e-01
1.266937786286322087e-01
1.522247882331342617e-01
1.492970300732538169e-01
1.391348312667053111e-01
1.303420431317274808e-01
1.263045813245224913e-01
1.238347248544515028e-01
1.148365661895765777e-01
1.537083715034618658e-01
1.453911047009470436e-01
1.406341763918212695e-01
1.359273280254237881e-01
1.299424943058947457e-01
1.663375966467896816e-01
1.561419087160684505e-01
1.504091360872705507e-01
1.439712552740615437e-01
1.395300543638567925e-01
1.353898709982122306e-01
1.328797356992413303e-01
1.312731381204420567e-01
1.435562692647641136e-01
1.382053336678082112e-01
1.333149409517251083e-01
1.284437181814742923e-01
1.248166139447431378e-01
1.192933829349624580e-01
1.141232302416563121e-01
1.097964581345375612e-01
1.205398439168239855e-01
1.197847726082832687e-01
1.175145996210676252e-01
1.108233649936822274e-01
1.074962529342416845e-01
1.455737525090237128e-01
1.427168736782196690e-01
1.395700817446738629e-01
1.335430186455630608e-01
1.254621666760016296e-01
1.240081897931456928e-01
1.336116409958117701e-01
1.284799650820946104e-01
1.263679506002030606e-01
1.227963186795086314e-01
1.176688982256698518e-01
1.541427286873355840e-01
1.472926030143445753e-01
1.409414575083051402e-01
1.380584303517339850e-01
1.310952120469970617e-01
1.831822320042846286e-01
1.654065746360593725e-01
1.624540872523795865e-01
1.602234910420287373e-01
1.583658377594253930e-01
1.537510152152584408e-01
1.507692711433515353e-01
1.472710378427293798e-01
1.370156188509791262e-01
1.298443244819437181e-01
1.242723232023284358e-01
1.200473085892707209e-01
1.153367423569522932e-01
1.381135128480317775e-01
1.295595167658625257e-01
1.268421322895292302e-01
1.269404852064948130e-01
1.237634689815642064e-01
1.163097612952466581e-01
1.116824360567732211e-01
1.099492683238760121e-01
1.090634030132498072e-01
1.484851715908880321e-01
1.431343503530725925e-01
1.396280842210135265e-01
1.411874268524305753e-01
1.365928196153705088e-01
1.235402022637364650e-01
1.233239574244288789e-01
1.178727327654892076e-01
1.136504116623087562e-01
1.089098530998535014e-01
1.242273650148351671e-01
1.223234016673039881e-01
1.184945023448111395e-01
1.122622541161587967e-01
1.081142240110325448e-01
1.518365374338106477e-01
1.493634147405948354e-01
1.477357113819186551e-01
1.414976347974092330e-01
1.405939893305222232e-01
1.384757322084128328e-01
1.345996301311037091e-01
1.256373522313051216e-01
1.424936469226787406e-01
1.395934077516838845e-01
1.371977727219779175e-01
1.656958944348478346e-01
1.582223192322781413e-01
1.513955311871134912e-01
1.460838067430949017e-01
1.400852447413361290e-01
1.340000466129727397e-01
1.314337435292793066e-01
1.297744286292006888e-01
1.344601069398933257e-01
1.328139245100410648e-01
1.304236677859282600e-01
1.730303404528080735e-01
1.608196579830587780e-01
1.535772747699878094e-01
1.470144751924802873e-01
1.461241236996561610e-01
1.433367514706013757e-01
1.391807788437261217e-01
1.345555828053039416e-01
1.321718945883841034e-01
1.392627193952892806e-01
1.339674746582020237e-01
1.329410392955276965e-01
1.433833979115866353e-01
1.420981126184711063e-01
1.408128273253555773e-01
1.496175321321779605e-01
1.461909536458618486e-01
1.419562442620875276e-01
1.542554482154337159e-01
1.490563930945982274e-01
1.440762675820727867e-01
1.874764360483158199e-01
1.587214541863066486e-01
1.553749278243214960e-01
1.515457211758663991e-01
1.490100086236665899e-01
1.464742960714667808e-01
1.389590108277426461e-01
1.485435929383804032e-01
1.433285378971531354e-01
1.414567032382994805e-01
1.667668037968156880e-01
1.662673873479049713e-01
1.627650340224788827e-01
1.612208581381858186e-01
1.410342696480807179e-01
1.356768256876757506e-01
1.312731064966186634e-01
1.524389495865601518e-01
1.404193812558001409e-01
1.373300691261112039e-01
1.317101695788375215e-01
1.263980581968598138e-01
1.200257974847237785e-01
1.177311205773561992e-01
1.164085485640253409e-01
1.141686663836527366e-01
1.115159393758502898e-01
1.436550728712421288e-01
1.423690326899267333e-01
1.399827810965810215e-01
1.332271752676860987e-01
1.232727078657875480e-01
1.223561129105908002e-01
1.236873526588892352e-01
1.217717803394364473e-01
1.183293653394694306e-01
1.141432775497473601e-01
1.112005253237756952e-01
1.003303098508452201e-01
1.172842871764690209e-01
1.160055391270134878e-01
1.147267910775580102e-01
1.638352901592464994e-01
1.482502222365067457e-01
1.429400510654039169e-01
1.398961744164967658e-01
1.368522977675896424e-01
1.338084211186824357e-01
1.558088447140806576e-01
1.539888047955592920e-01
1.491078536304347446e-01
1.379899416882305052e-01
1.415647822986435544e-01
1.362299017438541315e-01
1.295032590635038783e-01
1.296384148312990647e-01
1.283033407648377089e-01
1.269682666983762698e-01
1.390084206863910210e-01
1.357474291844145142e-01
1.330841227516205150e-01
1.517499999999999960e-01
