1.766584815299399869e-01
1.638704712143667364e-01
1.563001547015055170e-01
1.530189485998774690e-01
1.513616900587921033e-01
1.461816930772033563e-01
1.437754149303620277e-01
1.419732200364691721e-01
1.375047345201304838e-01
1.338609078641261052e-01
1.322900250181567594e-01
1.262058428360197659e-01
1.241446943335379194e-01
1.392930099190216597e-01
1.361131721032726727e-01
1.289734231594648894e-01
1.245568197231267937e-01
1.219250833393835109e-01
1.410269530552536732e-01
1.388317316487578668e-01
1.371728456349185499e-01
1.321700734723689763e-01
1.301200742009021860e-01
1.284611881870628691e-01
1.249154770231066663e-01
1.568295540147819078e-01
1.518651704492766930e-01
1.493779165790479480e-01
1.481751446270414274e-01
1.388985688920147399e-01
1.358809592572503555e-01
1.322079460624016878e-01
1.291715605008856016e-01
1.276843608258721174e-01
1.261971611508585778e-01
1.247099614758450936e-01
1.387579626598178240e-01
1.374534357748827262e-01
1.335216521293031422e-01
1.522116457074836615e-01
1.439809808295646476e-01
1.390496181332178671e-01
1.356595859848481467e-01
1.338683627668408871e-01
1.314436879731862295e-01
1.430522570826621154e-01
1.400679169638662236e-01
1.391484123199797918e-01
1.371964899386385606e-01
1.343895164545258480e-01
1.315496438698993131e-01
1.295977214885580819e-01
1.253451764379638345e-01
1.220579964147935209e-01
1.201721534302893080e-01
1.264433193407823730e-01
1.229393412611939768e-01
1.216410615076234381e-01
1.594431490608969049e-01
1.490519385430788823e-01
1.466821057463955080e-01
1.427877981188805379e-01
1.410988220275770366e-01
1.386457208068008484e-01
1.342338257472124041e-01
1.330400196884881092e-01
1.302283357579297196e-01
1.290900282920976194e-01
1.503295750887575222e-01
1.481333730218823141e-01
1.459371709550071339e-01
1.444387096843066098e-01
1.425450526912493965e-01
1.360906885922087417e-01
1.316020920163363250e-01
1.298717765446245620e-01
1.278862868817330634e-01
1.236528659811959724e-01
1.223971023624428611e-01
1.178558171609213612e-01
1.147098406254605241e-01
1.132070433256585351e-01
1.119650877471131400e-01
1.107231321685677311e-01
1.349711020547350315e-01
1.322915290916892028e-01
1.289736705218456625e-01
1.233089087270217016e-01
1.192893810272886296e-01
1.842241136571427518e-01
1.621785310426877014e-01
1.560875039890469163e-01
1.514919846770520495e-01
1.453176646654475157e-01
1.404944155853585508e-01
1.377918014958567361e-01
1.354177525556604922e-01
1.327814578998493533e-01
1.350127274713583125e-01
1.332358675790012159e-01
1.217230837639165508e-01
1.202578105520935858e-01
1.179574170521689308e-01
1.286401934625316379e-01
1.186455091029102182e-01
1.160639402218809624e-01
1.149834049276666770e-01
1.168220606948876528e-01
1.150966957582582467e-01
1.133713308216287990e-01
1.116459658849993652e-01
1.046195445139895680e-01
1.350803881702291875e-01
1.369089862129098389e-01
1.349947000613070658e-01
1.318817071382296369e-01
1.302395682539180255e-01
1.229151314706362769e-01
1.276847791132846577e-01
1.237381404405123314e-01
1.224309827050205635e-01
1.210835987797058144e-01
1.163056944040312957e-01
1.689536207615532637e-01
1.628998735878348647e-01
1.598337533324692694e-01
1.546039014307553083e-01
1.481392926120205511e-01
1.408717161552708597e-01
1.343524061689013727e-01
1.335662766823215997e-01
1.321728806799884748e-01
1.272300488081846148e-01
1.237484954770988882e-01
1.208375022468821391e-01
1.152699240257023389e-01
1.386070842141870207e-01
1.350585917323652851e-01
1.320216859814130617e-01
1.275315629405988638e-01
1.244512790714782241e-01
1.244991614838508454e-01
1.213450079811398824e-01
1.158174261537917998e-01
1.357620808485422714e-01
1.320390832026314132e-01
1.297431863873321212e-01
1.367930253060418155e-01
1.344312252586807588e-01
1.280738997941891499e-01
1.426777040530212148e-01
1.386254609533051629e-01
1.354148474186274986e-01
1.320655858308597830e-01
1.281519893000782062e-01
1.614320320880496262e-01
1.521972471421260964e-01
1.493534078843702095e-01
1.395062826668500289e-01
1.347840207161502823e-01
1.332891258378101351e-01
1.317942309594699879e-01
1.345577803573267672e-01
1.326104047613395620e-01
1.306630291653522735e-01
1.505142815234394582e-01
1.482728629517203744e-01
1.458740115047572061e-01
1.420731345850848870e-01
1.399965581587847840e-01
1.375641888429427750e-01
1.353227702712236080e-01
1.754358120180846692e-01
1.636586616916112791e-01
1.533802276773526263e-01
1.495727453164796827e-01
1.471513614687755822e-01
1.447299776210714262e-01
1.423085937733672979e-01
1.398872099256631418e-01
1.374658260779590413e-01
1.350444422302549130e-01
1.326230583825507847e-01
1.302016745348466564e-01
1.186944494613093870e-01
1.124109069433293084e-01
1.642294117487115845e-01
1.526179466476361712e-01
1.471946959468994065e-01
1.415957272688730118e-01
1.398196177279069918e-01
1.380435081869409164e-01
1.362673986459749798e-01
1.308320435896999645e-01
1.605794515746676032e-01
1.574892347085233846e-01
1.574539234570028756e-01
1.559930327365103842e-01
1.491301846850316137e-01
1.460898404095125058e-01
1.396570554462257807e-01
1.478585904915404869e-01
1.451990754963032593e-01
1.440548875495363534e-01
1.427372896674504177e-01
1.392507803183948567e-01
1.364573642392045150e-01
1.306310849918139172e-01
1.275357461327552844e-01
1.285092934166341405e-01
1.233816737106518402e-01
1.235908809094944799e-01
1.214540872642963371e-01
1.160567891370891253e-01
1.374147483418818039e-01
1.357392646195350050e-01
1.326865493157067255e-01
1.290106976977653253e-01
1.192986439578399838e-01
1.352984019629012435e-01
1.338696193300599746e-01
1.294037511103543481e-01
1.455799803806570869e-01
1.406724276497888226e-01
1.368423726054731615e-01
1.609519882924915213e-01
1.579355980069878096e-01
1.563000962312246223e-01
1.535532957884296612e-01
1.485421651951923383e-01
1.447784819413872326e-01
1.363942146461201987e-01
1.302083149986449084e-01
1.280771010155055400e-01
2.128319191688528844e-01
1.842040340638174678e-01
1.762544440815335955e-01
1.657876992210742251e-01
1.487860728550988998e-01
1.427732110739943494e-01
1.407882807571205208e-01
1.388033504402466645e-01
1.368172975902393063e-01
1.312353749283124427e-01
1.392972890590729040e-01
1.369785731055026823e-01
1.346207441057117871e-01
1.331539715399819024e-01
1.316871989742519899e-01
1.559852025299749145e-01
1.525729753237452802e-01
1.502435344485498481e-01
1.442978486164605001e-01
1.403949844035889127e-01
1.387808620322216746e-01
1.377029474378960450e-01
1.365169950544442012e-01
1.296962572974275363e-01
1.280894365019064618e-01
1.264112019577320611e-01
1.347146643590087234e-01
1.288598380197358839e-01
1.265323459395132077e-01
1.242048538592905316e-01
1.248109277758231994e-01
1.239824862164252001e-01
1.190497981809340161e-01
1.112639792918677650e-01
1.072604918954311454e-01
1.084969000718974813e-01
1.045245439833952239e-01
1.347936457588942982e-01
1.326320802174596192e-01
1.298859477962274189e-01
1.283035994679224967e-01
1.270937818588205592e-01
1.262944745960999093e-01
1.235565544830076329e-01
1.176496607287297463e-01
1.091868584942677495e-01
1.076045101659628411e-01
1.060221618376578911e-01
1.803130723264443902e-01
1.712450435255532810e-01
1.575950639536238818e-01
1.503020867520400705e-01
1.490762778064317062e-01
1.427216535696631816e-01
1.399597273962954191e-01
1.345758633720305075e-01
1.277753980276810364e-01
1.215275242831559688e-01
1.125819189339887921e-01
1.142549058104112003e-01
1.459635225442289796e-01
1.335966796819593183e-01
1.305873820212485326e-01
1.217971995205701513e-01
1.355941830945773807e-01
1.332382435384013020e-01
1.289816299517668463e-01
1.252135631994816811e-01
1.225778646358099272e-01
1.197344725617342648e-01
1.159452062672364642e-01
1.136248768751679794e-01
1.108519037354913916e-01
1.542678717477855288e-01
1.504651954339633890e-01
1.481405385466572078e-01
1.457861008639993183e-01
1.398022542236303511e-01
1.344973578383639734e-01
1.277163898586433921e-01
1.669373586140435184e-01
1.495570255804190840e-01
1.479822764903110932e-01
1.464075274002031024e-01
1.454393675843588529e-01
1.433853832968229325e-01
1.346183441447355855e-01
1.332430632846481611e-01
1.297979312995695966e-01
1.341559819971670509e-01
1.318559768419424461e-01
1.283320449280982434e-01
1.382480399527546144e-01
1.354607000542742967e-01
1.338843104001145035e-01
1.293065829634003072e-01
1.233595292120669012e-01
1.441832594037639192e-01
1.394220397111032295e-01
1.323311189914092578e-01
1.278205214729330463e-01
1.259363409932053035e-01
1.240521605134775468e-01
1.228758202181484821e-01
1.493328232542507628e-01
1.442260294699204137e-01
1.403665741902196951e-01
1.369812015531974847e-01
1.342302875057866385e-01
1.282093639914062000e-01
1.263884327910428929e-01
1.245675015906795996e-01
1.207713847882308372e-01
1.136395147764313468e-01
1.280439824780699454e-01
1.258922882510341013e-01
1.237405940239982571e-01
1.215888997969623991e-01
1.194372055699265411e-01
1.168658399601668618e-01
1.115092581697471469e-01
1.517499999999999960e-01
