2.036746429556393623e-01
1.847227273706636697e-01
1.666126199133639574e-01
1.636218737074584262e-01
1.606311275015528950e-01
1.571783461506527368e-01
1.529066367519962277e-01
1.351603192064110004e-01
1.325384315084705278e-01
1.263409978860537686e-01
1.218166554001949564e-01
1.191947677022545116e-01
1.454836059086618283e-01
1.386520035049618738e-01
1.351258312628987046e-01
1.242964522964489504e-01
1.222255755441311598e-01
1.149078706487427631e-01
1.103392238565421013e-01
1.068615634118264129e-01
1.229752769144981939e-01
1.194508512558022512e-01
1.146249962930112332e-01
1.121934584672519969e-01
1.098445192816677185e-01
1.044572806384911345e-01
1.044394657039530577e-01
1.686226911073613333e-01
1.595316157250369626e-01
1.472690058238764754e-01
1.462414951259183860e-01
1.464342164023751391e-01
1.432778213354271302e-01
1.401214262684790934e-01
1.325242420085290806e-01
1.235262036171901612e-01
1.170780514224003394e-01
1.242784441261033379e-01
1.181671549150185296e-01
1.139342628044513611e-01
1.802278762695095349e-01
1.676281241310842440e-01
1.520092534139079743e-01
1.457520820772454651e-01
1.408128527789812012e-01
1.345021124092875553e-01
1.324618760561406261e-01
1.312703997082175222e-01
1.303734044184388374e-01
1.242228362294965915e-01
1.359727024112384886e-01
1.304123188495284469e-01
1.298065854383801954e-01
1.602932154531764852e-01
1.574281755857688814e-01
1.533669265627383149e-01
1.392078113839343989e-01
1.337923427547045852e-01
1.277713817587426692e-01
1.414099518434764891e-01
1.388510191372893665e-01
1.395597735185459820e-01
1.365354986210468302e-01
1.311742210187279711e-01
1.278424964451199408e-01
1.252989561746608027e-01
1.244830027290643459e-01
1.209142246752639704e-01
1.122538094367684786e-01
1.055734932352333372e-01
1.026926753410705578e-01
1.011887617358365188e-01
9.812489607518744272e-02
1.262349098041579964e-01
1.193601446639030866e-01
1.164437549249157516e-01
1.153858219590126050e-01
1.113779110658782989e-01
1.630982205226750026e-01
1.585196781056768256e-01
1.572254442030356636e-01
1.483159472127765222e-01
1.404836100230457963e-01
1.377206724671520277e-01
1.324309098225671388e-01
1.296755186493460110e-01
1.231860065693557021e-01
1.176526061022433040e-01
1.138197876656281554e-01
1.119242976703959253e-01
1.118776127064021880e-01
1.107849708676690581e-01
1.096923290289359143e-01
1.237342002043762407e-01
1.246795358554361188e-01
1.233593255218718987e-01
1.212242289296969477e-01
1.152582118961102270e-01
1.052955361276884522e-01
1.004485742868271025e-01
1.376481171822337979e-01
1.310476275912610400e-01
1.285412753934388197e-01
1.237359577425707069e-01
1.188334583274295864e-01
1.941503827317852537e-01
1.892867539220096096e-01
1.777236762450703778e-01
1.649506465999975302e-01
1.613841012375283046e-01
1.534779116523738440e-01
1.436142057880132605e-01
1.406755358072245554e-01
1.377368658264358225e-01
1.328781918463380340e-01
1.263815266366193624e-01
1.226761358307208311e-01
1.143235873633309113e-01
1.436931350043199607e-01
1.409123234561446003e-01
1.347448944661429338e-01
1.315695875879922538e-01
1.271032837261666382e-01
1.243110780352041506e-01
1.215302664870288041e-01
1.183505610819735182e-01
1.159686433906780972e-01
1.101468089650182447e-01
1.066720194038340008e-01
1.018765018235438524e-01
9.639406335798125780e-02
1.645889571425098730e-01
1.531045082280665104e-01
1.534861341204093177e-01
1.474174140642350583e-01
1.441163712298965671e-01
1.299101290354599536e-01
1.242614219295855582e-01
1.168940574395533338e-01
1.120876569447852716e-01
1.080366921912064709e-01
1.297580653814102425e-01
1.267245788474058721e-01
1.217957840234654282e-01
1.101406996254398335e-01
1.066681193047590015e-01
1.871555161611906104e-01
1.828045835307129385e-01
1.750155316680875872e-01
1.673887986569528863e-01
1.601062309022143748e-01
1.460435032323398330e-01
1.433118581545023418e-01
1.421321475005570267e-01
1.398405690674194291e-01
1.371089239895819656e-01
1.306583943530036651e-01
1.265272887667521495e-01
1.233111106753973507e-01
1.185026376873246773e-01
1.123005824705336914e-01
1.306307333308140417e-01
1.278759988721024088e-01
1.251212644133908036e-01
1.223665299546792262e-01
1.187626971118320163e-01
1.148650614528195779e-01
1.110286692796566416e-01
1.477675634503186897e-01
1.425523113043260237e-01
1.348171398116279618e-01
1.288529421575294320e-01
1.253907895360213132e-01
1.575671019473442458e-01
1.476555262226758591e-01
1.432163375698001229e-01
1.393573804815006201e-01
1.352884256990047052e-01
1.280888280432947723e-01
1.244201642443868855e-01
1.243216855701308327e-01
1.141959517227959520e-01
1.129003689216142858e-01
1.116047861204326197e-01
1.156737754306716576e-01
1.149355009361908153e-01
1.646162077846567984e-01
1.408214538324640275e-01
1.395423515840927831e-01
1.351985066904446420e-01
1.440597365826990772e-01
1.417871980538111254e-01
1.389744336939600644e-01
1.352501199274431798e-01
1.329775813985552835e-01
1.285577674343951482e-01
1.212176893316671694e-01
2.014033809398894648e-01
1.757487486954816824e-01
1.493637589512600561e-01
1.432975826365568695e-01
1.367365949106533474e-01
1.345138381093054780e-01
1.322910813079575809e-01
1.300683245066096838e-01
1.278455677052617867e-01
1.362698531615914033e-01
1.435690552978947099e-01
1.402919148063412891e-01
1.343256326860230998e-01
1.264503595455639950e-01
1.205839051034147819e-01
1.247972051831114648e-01
1.220517036698562097e-01
1.156362407634475981e-01
1.436792746547345956e-01
1.410134418216177909e-01
1.383476089885009863e-01
1.348095040089289931e-01
1.272670175787952718e-01
1.613850073157815923e-01
1.507170920839767114e-01
1.483237898792505727e-01
1.434715777469417197e-01
1.394506401600406897e-01
1.400668916377676154e-01
1.359806765748974577e-01
1.281051770609636931e-01
1.251904728682503853e-01
1.222757686755370915e-01
1.190834868606133468e-01
1.138551831341451936e-01
1.131532800862752736e-01
1.328922125035651158e-01
1.265815489674964045e-01
1.201273468041367531e-01
1.164952134715867144e-01
1.134940651384289401e-01
1.507524141198195722e-01
1.479482232291596255e-01
1.441425423870015265e-01
1.375830349298577671e-01
1.332431997622215425e-01
1.312997079662092670e-01
1.242570332490399720e-01
1.127509094321837990e-01
1.101147731204228375e-01
1.124222751757550515e-01
1.105695009718306726e-01
1.078989215723834827e-01
1.005064169694968729e-01
9.504815676728442519e-02
1.115036589145110557e-01
1.098590212112072612e-01
1.082143835079034389e-01
1.742405314934975247e-01
1.603777413802325025e-01
1.585884277815119425e-01
1.558173802754887483e-01
1.428904073155302379e-01
1.370367447482640222e-01
1.358382956854618517e-01
1.501398070426513687e-01
1.422595132863607725e-01
1.392359239153342088e-01
1.366275907490394070e-01
1.329741881431583395e-01
1.272681115291682263e-01
1.424938699887414173e-01
1.391193702677380739e-01
1.355110755420563806e-01
1.286353714193935738e-01
1.252608716983902859e-01
1.243222986749387693e-01
1.193659575916067861e-01
1.123033462553964801e-01
1.188844046127152249e-01
1.162416954614840375e-01
1.133245394520941418e-01
1.610577471785538117e-01
1.494115266214190718e-01
1.440589473354451922e-01
1.424254313897439506e-01
1.431194240174888388e-01
1.313931765329625634e-01
1.295325351915029843e-01
1.263623186895463657e-01
1.381020559355142507e-01
1.262594965910975864e-01
1.224696126715452832e-01
1.198822265043155283e-01
1.147579538318869163e-01
1.517499999999999960e-01
