9.104600260280329982e-01
8.530575160355905462e-01
7.977890564503272719e-01
7.868654670047544597e-01
7.759418775591815365e-01
7.636674383724195714e-01
7.489987035279603855e-01
6.950687333474659946e-01
6.854923859034247613e-01
6.654622335075008888e-01
6.503236889325175740e-01
6.407473414884763407e-01
7.249213659255344666e-01
7.023780838614450683e-01
6.894988707036667774e-01
6.556613520596188405e-01
6.478250624965354865e-01
6.246486488846353380e-01
6.095096420965129269e-01
5.975603463966198126e-01
6.518335615470942646e-01
6.398173847432072625e-01
6.239962258775482162e-01
6.151753195249781703e-01
6.065959063854495792e-01
5.896411656700871751e-01
5.895760972833048452e-01
8.036055313044552229e-01
7.747257216920655498e-01
7.365733131651669430e-01
7.312689055215266798e-01
7.295320837307942563e-01
7.180034679721956081e-01
7.064748522135968489e-01
6.823136142197178122e-01
6.544075962590492068e-01
6.339566672585724705e-01
6.581034784375747737e-01
6.384335548565435170e-01
6.242554910714032124e-01
8.402300003207217038e-01
8.010097135899587606e-01
7.527847967244130079e-01
7.323030481546966008e-01
7.156745598418231546e-01
6.953866069027919705e-01
6.879347193940148486e-01
6.829643470812335471e-01
6.788549475006977474e-01
6.593857042631696697e-01
6.993061754704895661e-01
6.808024764598603618e-01
6.767846622267774670e-01
7.771795003585836303e-01
7.669651629947293880e-01
7.532534751678489071e-01
7.098520482085298733e-01
6.918477144440532411e-01
6.720731058081670373e-01
7.164435787355787344e-01
7.070971720608694167e-01
7.073044850635057390e-01
6.965975598535547597e-01
6.790579520367414634e-01
6.672681483034041960e-01
6.575987653916595121e-01
6.529803190602361251e-01
6.403134537939836335e-01
6.127601954736827672e-01
5.909961423698764094e-01
5.803406626305964711e-01
5.737108307722004197e-01
5.625201752337155581e-01
6.628127270862880227e-01
6.409695075396246722e-01
6.306993694874301060e-01
6.258627917999157741e-01
6.124013790480465902e-01
7.877741741258795782e-01
7.714724229093877783e-01
7.647729873493290809e-01
7.364074849079859098e-01
7.117899070013040674e-01
7.019937063373261621e-01
6.848098403538016576e-01
6.750357030094450428e-01
6.540646391775704060e-01
6.363848961558281614e-01
6.244525749052255437e-01
6.181844107041282177e-01
6.194656018652269225e-01
6.154747681282122240e-01
6.114839343911974145e-01
6.560572074772694773e-01
6.573235073144743090e-01
6.519660421845854259e-01
6.442260983548226960e-01
6.252857124312936055e-01
5.946603162308171653e-01
5.789917061318025082e-01
7.051638384789485903e-01
6.840394720369469272e-01
6.748851137162851233e-01
6.590092821031839909e-01
6.428493206732524001e-01
8.823028525380717246e-01
8.659355180460505119e-01
8.299810398781455323e-01
7.907484024902351472e-01
7.786920861655999282e-01
7.539479746838769758e-01
7.232242917675633098e-01
7.124909088002024937e-01
7.017575258328416776e-01
6.854106371968181621e-01
6.642747621545135317e-01
6.512997215137392715e-01
6.247378102803314848e-01
7.235125777988195006e-01
7.133557668939710661e-01
6.932975202555903271e-01
6.819873254141071151e-01
6.669026494315986042e-01
6.567125255309707033e-01
6.465557146261223798e-01
6.352326598344923969e-01
6.262420928164253997e-01
6.071942592015018292e-01
5.950084684031976545e-01
5.789612719908008298e-01
5.609057285724665665e-01
7.890103618418922160e-01
7.524433701011528086e-01
7.505691593216194946e-01
7.298361057689120024e-01
7.171948956599650815e-01
6.731706603762006580e-01
6.546664950124970739e-01
6.311375000276412406e-01
6.150959821052446319e-01
6.012631277153209775e-01
6.726152535271833210e-01
6.615355566205364246e-01
6.449145567617872166e-01
6.086279391924597215e-01
5.962644660741642788e-01
8.621818623697394823e-01
8.479732244298681110e-01
8.237125752409867330e-01
7.991723136861733634e-01
7.752949537803013325e-01
7.320972104627717636e-01
7.221199782648688448e-01
7.166801286396305981e-01
7.079895169933000387e-01
6.980122847953970089e-01
6.774343090444173709e-01
6.639097610953856865e-01
6.530601818864535391e-01
6.375552184011736845e-01
6.179758458295205870e-01
6.770728834408932251e-01
6.670113181368498845e-01
6.569497528328067659e-01
6.468881875287637584e-01
6.343441177120668906e-01
6.209410581356581416e-01
6.077170558190825300e-01
7.370962857491256681e-01
7.197746433890143125e-01
6.950855259911458139e-01
6.755741955591424430e-01
6.633780811260381327e-01
7.678096384474674130e-01
7.365333577679523680e-01
7.212566665995419068e-01
7.076763954271615420e-01
6.934821550926326683e-01
6.701348705344097878e-01
6.571109588587246142e-01
6.554810265203490083e-01
6.252113001269518078e-01
6.204792320614943568e-01
6.157471639960367948e-01
6.291572906184965674e-01
6.279124761632099982e-01
7.911684492901619459e-01
7.197380093987764127e-01
7.150661359403976958e-01
7.014338904106873773e-01
7.288437674423251522e-01
7.205434048639828282e-01
7.106635868441096848e-01
6.981186765830608154e-01
6.898183140047186024e-01
6.752399734469457515e-01
6.521236718736010962e-01
9.032668930993671408e-01
8.250154190692740030e-01
7.454945638051728718e-01
7.260600284592109155e-01
7.048182138919439899e-01
6.966996772246284442e-01
6.885811405573127875e-01
6.804626038899971308e-01
6.723440672226814740e-01
7.031134569875320262e-01
7.221539289742209267e-01
7.102724032376981356e-01
6.905286481608510218e-01
6.652035860050377059e-01
6.457516965896646921e-01
6.557699328445878439e-01
6.454427572132902524e-01
6.243857346172712042e-01
7.274541443801780805e-01
7.177172889619569673e-01
7.079804335437355212e-01
6.956933206049544793e-01
6.716986185255752195e-01
7.797987706630739035e-01
7.464453718183392539e-01
7.377039243989662598e-01
7.217733748620018819e-01
7.082732183734589126e-01
7.083307873429445234e-01
6.944497888752197978e-01
6.693000886778356362e-01
6.586542398613697280e-01
6.480083910449035978e-01
6.365509899835812835e-01
6.191408822893097463e-01
6.149645886272450124e-01
6.853885637291392552e-01
6.647509685799384282e-01
6.436937102955258005e-01
6.308873199180583535e-01
6.199257370890148833e-01
7.460339944344422936e-01
7.350619374378496440e-01
7.211618294987238720e-01
6.992103730627728941e-01
6.837485609110044438e-01
6.752929253638233487e-01
6.519288353322956198e-01
6.159411458335658507e-01
6.063127558567156239e-01
6.111380555635756995e-01
6.037999772915649821e-01
5.940708862390700062e-01
5.705363271219007215e-01
5.526569082605177208e-01
6.126558522766363257e-01
6.066488741445145161e-01
6.006418960123927064e-01
8.207283111514350749e-01
7.777383425168850062e-01
7.712029410497831527e-01
7.617972492834190756e-01
7.227820897445401682e-01
7.045304893260972978e-01
6.998893123263284499e-01
7.436310338520234486e-01
7.188988471397425029e-01
7.085030224679346178e-01
6.993212801938970546e-01
6.870840738555266114e-01
6.688454752364196843e-01
7.191323068681900743e-01
7.068070719607097985e-01
6.937982918186681447e-01
6.712366038814365776e-01
6.589113689739565238e-01
6.541915355164258372e-01
6.382084698405289247e-01
6.160673128228831841e-01
6.383435091923247429e-01
6.292262294271280254e-01
6.193065508155881638e-01
7.792123746125159123e-01
7.428301911194824525e-01
7.248486937525736584e-01
7.177406024568234733e-01
7.174374358256067064e-01
6.813093846383071472e-01
6.745134612398486773e-01
6.638887397817843095e-01
7.007102389128754272e-01
6.643025111468142674e-01
6.514383484783486944e-01
6.420899222102477433e-01
6.253244141116858223e-01
4.184999999999999831e-01
