8.312859485555396111e-01
7.918471082812327255e-01
7.681943048091315340e-01
7.573933025314125711e-01
7.513402272580114172e-01
7.351424290149768392e-01
7.272088270648899844e-01
7.210413801676003320e-01
7.070412778982506641e-01
6.954149910338044416e-01
6.898493591641595701e-01
6.710882175887714629e-01
6.640891985788007768e-01
7.121735770507023888e-01
7.017117073462610932e-01
6.796722661509492225e-01
6.655944712586009393e-01
6.567350828493410120e-01
7.199162604829412171e-01
7.122891599383825989e-01
7.062301403811891420e-01
6.903946183490516919e-01
6.831921030024897812e-01
6.771330834452963243e-01
6.655575630476003868e-01
7.694059612489233535e-01
7.535133238992591798e-01
7.453648109353924189e-01
7.409717310497015985e-01
7.128696722728320445e-01
7.029632790828143074e-01
6.911406859259638935e-01
6.811793976569292530e-01
6.757474560761429494e-01
6.703155144953566458e-01
6.648835729145705642e-01
7.124394010426627899e-01
7.075031758981477070e-01
6.948856538791376991e-01
7.544446586988734493e-01
7.291918929040601682e-01
7.134363138265914506e-01
7.021871148251359607e-01
6.956123451461858620e-01
6.871855564026925212e-01
7.264342286226010970e-01
7.162864302671422267e-01
7.121755806094106633e-01
7.050462566028152800e-01
6.954170241511691275e-01
6.856916047711131279e-01
6.785622807645175225e-01
6.647307165487729153e-01
6.537456633013117857e-01
6.468576918375812390e-01
6.681554498850430512e-01
6.569647426210613039e-01
6.522228240371640284e-01
7.787782916503719344e-01
7.464633847664208233e-01
7.377469751185494751e-01
7.245734663668813580e-01
7.178476739138556217e-01
7.088878128091987696e-01
6.942252356722076190e-01
6.912253112559115786e-01
6.822462625796635871e-01
6.781596559368324728e-01
7.502924140165212474e-01
7.422708675306670667e-01
7.342493210448128860e-01
7.282677556819112663e-01
7.211307586488261423e-01
7.010073582526612501e-01
6.869789742927037146e-01
6.810149623963159815e-01
6.743048990494110440e-01
6.610225708791886978e-01
6.564460037577162232e-01
6.422635743380296081e-01
6.321606015805603107e-01
6.268617833755393276e-01
6.223255867491320759e-01
6.177893901227248241e-01
6.975362406452257913e-01
6.884013129912784912e-01
6.774002330411514894e-01
6.595375243850576386e-01
6.464849780632054843e-01
8.534225831771479198e-01
7.870322537386801320e-01
7.675882719828646117e-01
7.525166984034274975e-01
7.328291934612761738e-01
7.170918075478133202e-01
7.074117262639532111e-01
6.985494843709292301e-01
6.889205160483165002e-01
6.935228198441336644e-01
6.864065764524227564e-01
6.512521646441051804e-01
6.459003086558089413e-01
6.381068158412556146e-01
6.709062576947266709e-01
6.401877747601180113e-01
6.318525956662913723e-01
6.279059806335142158e-01
6.346216025385751358e-01
6.283197711848109712e-01
6.220179398310466956e-01
6.157161084772825310e-01
5.939156061025185895e-01
6.998466357774373314e-01
7.039961599220163624e-01
6.972026330889313783e-01
6.869044535263946205e-01
6.809066022378397198e-01
6.583280229776408143e-01
6.723647432908653743e-01
6.598778442646083819e-01
6.551079818742558958e-01
6.502205103827342070e-01
6.353032441608436054e-01
8.072467905047587822e-01
7.879649771491744614e-01
7.766587617726906645e-01
7.590264554783688888e-01
7.381188334592451161e-01
7.157479355116088682e-01
6.957334175146733246e-01
6.921000268549858392e-01
6.866911742536579988e-01
6.709048545319498125e-01
6.593908672505740531e-01
6.495450235572812758e-01
6.319321361956307115e-01
7.081236530255370365e-01
6.963461678590772141e-01
6.860949068610858737e-01
6.715948820598031110e-01
6.612167966841948630e-01
6.599845147339964413e-01
6.493904570963248135e-01
6.318572194573044420e-01
6.983554249554028148e-01
6.860031799465144964e-01
6.778233421853578911e-01
7.035726170162821536e-01
6.955933889722589747e-01
6.759324641263437794e-01
7.223442392366602460e-01
7.092112223686080075e-01
6.985388734658084520e-01
6.874611599740548806e-01
6.747335033557386730e-01
7.842741596543897353e-01
7.558673302103411373e-01
7.458789479213291385e-01
7.154150950350943727e-01
7.002269944379716504e-01
6.947669464128222172e-01
6.893068983876731171e-01
6.994006599295713444e-01
6.922879428876211882e-01
6.851752258456709210e-01
7.509670474094974901e-01
7.427803493189693018e-01
7.341333655530285496e-01
7.213872872323398022e-01
7.136825372617513485e-01
7.049375574775623710e-01
6.967508593870338496e-01
8.282008049756233170e-01
7.922402960731059762e-01
7.604246649444510453e-01
7.475281213807152270e-01
7.386841068032721225e-01
7.298400922258287959e-01
7.209960776483855804e-01
7.121520630709424760e-01
7.033080484934991494e-01
6.944640339160560449e-01
6.856200193386128294e-01
6.767760047611696139e-01
6.413677636278769523e-01
6.212319759100286554e-01
7.940187403410504663e-01
7.586506061488914598e-01
7.415003044448383873e-01
7.238362570079865943e-01
7.173490828714557122e-01
7.108619087349250520e-01
7.043747345983946140e-01
6.871890434532496039e-01
7.821043474269725460e-01
7.721285863426379237e-01
7.710844368544720329e-01
7.653526229528119229e-01
7.431897367548666589e-01
7.320849922020226108e-01
7.110617865218900047e-01
7.401629125561087763e-01
7.315534547935734766e-01
7.273743508113049705e-01
7.225618734804492016e-01
7.110977702043602688e-01
7.014760449159767042e-01
6.829871534169513758e-01
6.724826980733704662e-01
6.738744239027153471e-01
6.573101028271965962e-01
6.580742243513509893e-01
6.504409960431929427e-01
6.332750478036992536e-01
7.056759433726702557e-01
6.992150516240600577e-01
6.887275550910377797e-01
6.764181981697652279e-01
6.464608286187565334e-01
7.008355102004437676e-01
6.956169346966769584e-01
6.815188479188646342e-01
7.350522709339859517e-01
7.190122337216633408e-01
7.061224708700247765e-01
7.857233471518251244e-01
7.753511818944430756e-01
7.690163131635311400e-01
7.594323463217796943e-01
7.432281692409837826e-01
7.306711474337083123e-01
7.046049481879419485e-01
6.849661049566029281e-01
6.771819250330409767e-01
9.374792741180164590e-01
8.524224319092816859e-01
8.278684420857443937e-01
7.959550596866579175e-01
7.446548294312701488e-01
7.254150234392614527e-01
7.181651391739947154e-01
7.109152549087278672e-01
7.036620886991993284e-01
6.858956966941791578e-01
7.154412968069847611e-01
7.075931420490954027e-01
6.996306326821755128e-01
6.942733003594176999e-01
6.889159680366597760e-01
7.658560977509829559e-01
7.543126949039847817e-01
7.459350287999300111e-01
7.269845661953983074e-01
7.140066904936399617e-01
7.081111684781262738e-01
7.041741254543637529e-01
6.999212129105857327e-01
6.789749732649703606e-01
6.730537008947219402e-01
6.669236365203786709e-01
6.934108722199380237e-01
6.745969450788482646e-01
6.660958666951419804e-01
6.575947883114356962e-01
6.576705615166368313e-01
6.535522493142975620e-01
6.374343731175973193e-01
6.129748131401637767e-01
5.995736360006193033e-01
6.014923141906866055e-01
5.881821554936167429e-01
6.962699574740619513e-01
6.887970346287948242e-01
6.796150166490190214e-01
6.738355481457536378e-01
6.691452457612825366e-01
6.656551503332995834e-01
6.564971426359572648e-01
6.380740232487225327e-01
6.121782075820741964e-01
6.063987390788089238e-01
6.006192705755432071e-01
8.403128548302165601e-01
8.118860785915167355e-01
7.704515550655233191e-01
7.471270719976088603e-01
7.415411370837109439e-01
7.210530574965019479e-01
7.111618762967063523e-01
6.936049490910746185e-01
6.719063120018224922e-01
6.518232840879605305e-01
6.245785397510786874e-01
6.294188192767775636e-01
7.301719140912323880e-01
6.918980833314491985e-01
6.814008114415883721e-01
6.540019967264407708e-01
6.977421846444982201e-01
6.891631544623797456e-01
6.750271335406077267e-01
6.623194744477766127e-01
6.529225143160320988e-01
6.429183217522633775e-01
6.301486816685455405e-01
6.216737647373117293e-01
6.118754556443966042e-01
7.608778145628015688e-01
7.480658139351908931e-01
7.395750909883176405e-01
7.309972980855566904e-01
7.118082211618572686e-01
6.946041875542812161e-01
6.730845711323972802e-01
7.986122263353186979e-01
7.460189999110806713e-01
7.402672873431059841e-01
7.345155747751315189e-01
7.309794070036566005e-01
7.239378144419732486e-01
6.968999185583668599e-01
6.918767562926135817e-01
6.808019810991754461e-01
6.952111579857582768e-01
6.868104745747874995e-01
6.748314028896195138e-01
7.092533477091655936e-01
6.999658931845227361e-01
6.942188875669693671e-01
6.796968863441968933e-01
6.611713929244653620e-01
7.267521153115404919e-01
7.114586315585978982e-01
6.893538130760158422e-01
6.747930720652670633e-01
6.679111728384896640e-01
6.610292736117123757e-01
6.562168830365103789e-01
7.449349250002814671e-01
7.279994403195724217e-01
7.147107927126400417e-01
7.028082180529766632e-01
6.927606066593254841e-01
6.734913565675315628e-01
6.668404729846566514e-01
6.601895894017816291e-01
6.477638659863033110e-01
6.255854183282252290e-01
6.728873067320740864e-01
6.650283234782836672e-01
6.571693402244932480e-01
6.493103569707028289e-01
6.414513737169122987e-01
6.323653994325076910e-01
6.151363031419966321e-01
4.185000000000000386e-01
