8.241641021505095033e-01
8.110304283312428364e-01
7.837414917802008052e-01
7.455890598602833430e-01
7.301069109061890661e-01
7.206413836542827633e-01
6.837492023740572300e-01
6.747583750496740640e-01
6.657675477252910090e-01
6.567767204009078430e-01
6.471914895115847832e-01
6.383944574263145100e-01
6.177476982991385590e-01
6.884040263357851241e-01
6.786510929960306582e-01
6.752226093421297426e-01
6.602053522053722423e-01
6.492257988839142957e-01
7.311473670606187802e-01
7.298568303705857963e-01
7.202245827616106100e-01
8.331154853443309971e-01
8.005615384680021540e-01
7.769544830400166857e-01
7.573678616518345619e-01
7.415028176373610336e-01
7.313499724406815616e-01
7.212406240654496425e-01
7.066874344699454191e-01
6.863195039422498311e-01
6.696483393039970311e-01
6.521453039850904077e-01
6.904917905586109850e-01
6.811621651992563198e-01
6.761381757951048233e-01
6.703148306216232255e-01
6.522064239917939599e-01
6.359098133482667947e-01
6.184980363196583841e-01
7.499889608784156003e-01
7.229412061016109448e-01
7.061583554652060002e-01
6.920970924509955990e-01
7.140730751414062771e-01
7.034623628628264846e-01
6.928516505842465811e-01
6.837007403421041518e-01
6.740402691694664661e-01
9.263304099114159085e-01
8.368934131685141775e-01
7.691726345549492194e-01
7.521655269867868476e-01
7.431893168857869325e-01
7.257382526417973656e-01
7.266455633057087304e-01
6.969596548843475237e-01
6.799836035031716630e-01
6.575793804094098860e-01
7.253448846327847921e-01
7.142338110464203638e-01
7.038614652656256521e-01
8.180640002792238796e-01
7.788636396257456740e-01
7.587820349894632832e-01
7.503962682449659694e-01
7.433582135111586053e-01
7.287844113703031423e-01
7.051751505348425875e-01
6.888547949363504896e-01
6.801270695014227652e-01
6.663536728131448372e-01
6.545017424622461277e-01
6.430280830826845540e-01
6.209962117549532312e-01
7.016347061012253583e-01
6.851289234369486447e-01
6.739183317914803073e-01
6.535366487715806860e-01
6.405771458970127563e-01
7.865426311889528455e-01
7.538317891151833372e-01
7.399771736805740296e-01
7.265674390060052890e-01
7.150203146590181635e-01
7.019692331712873434e-01
6.775796893140224597e-01
6.584987764548914102e-01
6.343572443008006490e-01
6.189846301778230142e-01
6.091118428495546633e-01
5.992390555212863124e-01
5.884866796574937942e-01
5.735500327987332891e-01
5.637966904122440059e-01
6.300027665196705762e-01
6.165225932687922183e-01
6.072350317596693081e-01
5.992821266917707224e-01
6.070263751770808014e-01
7.233783453027288202e-01
7.121049127984133698e-01
6.908756596027131325e-01
8.706802781096104615e-01
8.031661655746702433e-01
7.732876496992762139e-01
7.488375929422292909e-01
7.329863754152692312e-01
7.092081500347547918e-01
6.849482585235681098e-01
6.661172618070976270e-01
7.491738051481229288e-01
7.378300918625061433e-01
7.053350822283975807e-01
6.768438114252267601e-01
6.622556633795605441e-01
6.522507148737879401e-01
6.231590033245726357e-01
7.568448264544112014e-01
7.297143490558901657e-01
7.129932147223783101e-01
6.964184988559593004e-01
6.761073438848023143e-01
7.960479706477038286e-01
7.626243547880929841e-01
7.434216760939291735e-01
7.230766949560275547e-01
7.083260342784659658e-01
6.944554570243575142e-01
6.853506427924914712e-01
6.788874970758261851e-01
7.215609739689807789e-01
7.035456696208682859e-01
6.868768520891231910e-01
6.702640816279237246e-01
6.572887340277777657e-01
6.390832901801267729e-01
6.222237392623743979e-01
6.078299757612661836e-01
6.427721480783051833e-01
6.389101204208408324e-01
6.306183978956040326e-01
6.094008405348508850e-01
5.980189507623060452e-01
7.293879348082176195e-01
7.199629614919885734e-01
7.096903707508760428e-01
6.910117425508182087e-01
6.663434588630733346e-01
6.610501352681861231e-01
6.910439066158622357e-01
6.746611800810666804e-01
6.671070219091989051e-01
6.552853878519960817e-01
6.389151029830298922e-01
7.575310245446682522e-01
7.354022897055798591e-01
7.147324205754903570e-01
7.042022709570993078e-01
6.817428877810187693e-01
8.499998882137357326e-01
7.946542624219408157e-01
7.835986230013420872e-01
7.757232420861205346e-01
7.689382324616628184e-01
7.535344713052536392e-01
7.423477029953012840e-01
7.296508778238842696e-01
6.973350324370509723e-01
6.741731544190492365e-01
6.556871212568621266e-01
6.411392659792287674e-01
6.251718059673714301e-01
7.004848864289821009e-01
6.731603047206656809e-01
6.629001938920624504e-01
6.608724397796099659e-01
6.492685060073166703e-01
6.251608317374742763e-01
6.093166370741800453e-01
6.019340755998798809e-01
5.970287677939062343e-01
7.381036944780166031e-01
7.199203529967307391e-01
7.071299276479370288e-01
7.091497961939653427e-01
6.931773936385825508e-01
6.526266877667749045e-01
6.497559538893197262e-01
6.315797368444262538e-01
6.169964587095437825e-01
6.008980124206368956e-01
6.546024181861794800e-01
6.467306630608407048e-01
6.332309826753731441e-01
6.127046436405716445e-01
5.982719222520632707e-01
7.526399381123480836e-01
7.442230639505068579e-01
7.382779378832231565e-01
7.182155431858932015e-01
7.131114523968131724e-01
7.044562078527051296e-01
6.906615611905837504e-01
6.619964888305813755e-01
7.214857010906883250e-01
7.112604246213067860e-01
7.025104566453324040e-01
7.959655406690742119e-01
7.715527422694761217e-01
7.490309521051825570e-01
7.309387454815893248e-01
7.108384354763300772e-01
6.908308807905882976e-01
6.814575540857611413e-01
6.747359839980889840e-01
6.925112340487661333e-01
6.864986138602947596e-01
6.783105475424191511e-01
8.206873633796553102e-01
7.820743748521107319e-01
7.586722123397384721e-01
7.377204255654452592e-01
7.327388176826307165e-01
7.222109001774228432e-01
7.080257793602299232e-01
6.928129590302773977e-01
6.841536234153999807e-01
7.086315026733090994e-01
6.921919727618678353e-01
6.882331385314408578e-01
7.278251723633002435e-01
7.231307155636215178e-01
7.184362587639426811e-01
7.464214609237481701e-01
7.339060102600847291e-01
7.190278315106798379e-01
7.633612771731066449e-01
7.458126700619497340e-01
7.289041463036031177e-01
8.631055744496068938e-01
7.769512486843724863e-01
7.652372350186593675e-01
7.521938571579901422e-01
7.429322612333604248e-01
7.336706653087305963e-01
7.098503187036603324e-01
7.455064033879094110e-01
7.288950408359891053e-01
7.220582342614505489e-01
8.010741557139672286e-01
7.978879525225739400e-01
7.850061334334019758e-01
7.778494275054542717e-01
7.165231191866061611e-01
6.988878253228529847e-01
6.840409315879560914e-01
7.491810261482784172e-01
7.114010878893652912e-01
7.004356593698758404e-01
6.820715656294962237e-01
6.646073505410661220e-01
6.440435823909684832e-01
6.354014247222821155e-01
6.296014050570445386e-01
6.211194504455964660e-01
6.114304635676065525e-01
7.206516089158455651e-01
7.145390898643061428e-01
7.052098884514893529e-01
6.831060288720869345e-01
6.516496744125775953e-01
6.467212735351691721e-01
6.484688283400447117e-01
6.407236956536638273e-01
6.285145409937313854e-01
6.141311140810208347e-01
6.033828208647371572e-01
5.694570447416825720e-01
6.324991396822197132e-01
6.278285599222264146e-01
6.231579801622332271e-01
7.906355627461145730e-01
7.424977575516623629e-01
7.247541576737215330e-01
7.136365112582643278e-01
7.025188648428072336e-01
6.914012184273499173e-01
7.650428092003022096e-01
7.583951809912541364e-01
7.427983825511732530e-01
7.091111930045292944e-01
7.185257059417615721e-01
7.018909136249077418e-01
6.811206717001476729e-01
6.816143231225517685e-01
6.767380146773021021e-01
6.718617062320523248e-01
7.118457305278810265e-01
7.007879883947830679e-01
6.914776949780098159e-01
4.184999999999999831e-01
