7.741151327948474214e-02
7.859781009222857606e-02
8.049196707143459195e-02
8.233724381132125070e-02
8.388343425842607892e-02
8.538030171802694912e-02
8.736869133820251987e-02
8.849503062777551443e-02
9.003435969552345264e-02
9.140648981360124936e-02
9.215599187750808663e-02
9.234947446609832744e-02
7.836042314920689533e-02
7.970733527783936678e-02
8.111633789701042097e-02
8.233440707921359236e-02
8.364819786388012768e-02
8.491644740862325236e-02
8.620657789494659551e-02
8.743019977900814976e-02
8.879719857517578974e-02
8.040471092246981311e-02
7.779331703142486343e-02
7.894821321814221582e-02
8.004287014458590088e-02
8.068914793377009176e-02
8.151150764999248732e-02
8.346962391820933469e-02
8.534055331226950147e-02
8.709236649930929275e-02
8.881723016885484379e-02
8.988408901967367970e-02
9.091514083314211625e-02
9.186334653367692060e-02
9.292405785449235622e-02
9.381252013795179923e-02
9.004554714198201304e-02
9.105232323025949648e-02
9.208927681040765534e-02
9.304742007491408062e-02
9.244994985933012444e-02
9.265003422394189891e-02
9.290210512126408082e-02
8.071091395792577561e-02
8.197749893448955105e-02
8.288876919101670349e-02
8.371946836251017987e-02
8.514703187002821416e-02
8.637262408727780505e-02
8.379962378745225982e-02
8.500842831067086103e-02
8.601907364856627158e-02
8.718606605664409870e-02
8.841385961909599411e-02
8.972064514167858718e-02
9.055441802589629663e-02
7.940876901204187155e-02
8.018258806355826884e-02
8.140692124841207578e-02
8.265925248219212207e-02
8.398783272723300830e-02
8.531641297227390841e-02
8.664051053502994093e-02
8.782651345179844082e-02
7.978682233019322723e-02
8.065459700179206104e-02
8.120545093015120452e-02
7.889718089220697228e-02
7.966714754337761439e-02
8.076825838838838645e-02
8.097313190127140847e-02
8.186853272230845691e-02
8.285888007100392083e-02
8.367257904697038284e-02
8.438832111048083506e-02
8.568979579374971789e-02
8.702287099021832617e-02
8.822573133221051078e-02
8.951617470956350908e-02
9.074733288359708439e-02
9.212450996437655804e-02
9.326670362350723831e-02
9.053854090195256887e-02
9.152745125476011157e-02
9.250214143104541764e-02
8.505197002967741782e-02
8.656851973802429101e-02
8.818579151619745926e-02
8.965978063509086327e-02
9.043716175726838891e-02
9.136116283971441876e-02
9.183791696279573757e-02
9.029006762233721117e-02
9.113624931190987544e-02
9.250665094269777677e-02
9.376908904411597467e-02
9.097089088381425659e-02
9.226700424728835614e-02
9.341510760297169758e-02
9.429040145032520359e-02
9.515430715596319422e-02
9.600502122324532095e-02
9.434972109564593312e-02
9.526270919865469089e-02
9.630107244854750614e-02
8.919434964045279413e-02
8.987532856496520395e-02
9.055630748947762765e-02
9.116201828939446417e-02
9.212003193263314238e-02
9.305836532787618853e-02
9.387628669891516509e-02
9.491285436090760030e-02
9.119768059238665681e-02
9.212153788803890964e-02
9.276030590014490429e-02
8.351612580173249645e-02
8.442335912697288003e-02
8.562407596657370390e-02
8.684676960110873645e-02
8.806946323564378287e-02
8.935350962944170472e-02
9.055830162160893870e-02
9.164128059705935192e-02
9.278194773302092524e-02
8.144735491353642665e-02
8.277273466970148930e-02
8.413824362876907992e-02
8.559095205063334266e-02
8.705321620847353281e-02
8.815674261008864254e-02
8.888173161851391224e-02
8.990200295459810365e-02
8.769267606815915606e-02
8.803991995537810422e-02
8.886517339980178065e-02
8.953010418613416288e-02
8.856911606267135750e-02
8.986287379764822114e-02
9.115663153262505702e-02
9.188683608635640765e-02
9.235129794449974117e-02
9.291268958481153917e-02
9.381109833343068138e-02
9.452986265503988961e-02
9.553858376615222137e-02
9.639057795714987831e-02
9.433367542081219637e-02
9.483951996362874337e-02
9.538219853972540463e-02
9.387730695330548381e-02
9.187890930008653367e-02
9.261860992302886619e-02
9.343506251888512859e-02
9.423176690729792582e-02
9.507013249479920325e-02
7.747618208323509004e-02
7.807559671187230821e-02
7.878717269621944574e-02
7.925018530470524791e-02
8.063904762556638184e-02
8.164966879651554266e-02
8.290660855619075287e-02
8.421594703173626573e-02
8.556208613098839622e-02
8.711022264440662632e-02
8.821770908757863017e-02
8.953408240672861007e-02
9.089727200878522373e-02
9.208941479604772218e-02
8.940986099577363788e-02
9.049651036030906259e-02
9.149664643097278616e-02
9.252274631349764744e-02
9.337853054636494066e-02
8.806513360014338321e-02
8.908705192606841683e-02
9.000926212967795548e-02
9.083082902651913593e-02
9.151435255531251145e-02
7.950996943018648344e-02
8.043063602816606650e-02
8.153217907446980162e-02
8.211493008852513431e-02
8.293256699216079719e-02
8.363057137243415373e-02
8.436230463873130303e-02
8.590214419189939887e-02
8.735677749115820789e-02
8.423215925265541137e-02
8.570404108096844886e-02
8.700963941902209453e-02
8.830234992049648679e-02
8.924151999589916007e-02
9.055950748300369002e-02
9.180372010421410101e-02
8.117993088915950728e-02
8.179149148434410044e-02
8.240305207952874911e-02
7.778998042834531224e-02
7.829285384371835466e-02
7.912117210989599858e-02
7.860076058354525941e-02
7.931932720671258652e-02
7.992113146374014987e-02
7.926455090144650384e-02
8.034877884596046405e-02
8.199676552340660896e-02
8.333199533531597536e-02
8.424923949687765368e-02
8.521820487667676469e-02
8.616221840520424391e-02
8.727374528168840850e-02
8.838527215817258698e-02
8.938561134594602553e-02
9.034749048157518503e-02
8.579019355312311745e-02
8.659776206268737786e-02
8.736908829068429361e-02
8.817347288246603354e-02
8.918278367906513904e-02
9.013764357453556142e-02
8.817022449652295313e-02
8.926422143195766878e-02
9.031518818262905535e-02
9.134131998243465167e-02
9.244156682206756959e-02
9.288244285989410987e-02
9.288337150342480808e-02
8.469545702479316929e-02
8.575031537430911899e-02
8.658751078060458739e-02
8.737603213858201323e-02
8.737446121847913805e-02
8.450535865829598980e-02
8.530541946098932349e-02
8.633175300048928635e-02
8.726857060632287055e-02
8.477299572098064007e-02
8.566868128556720530e-02
8.656436685015378441e-02
7.962051504317889383e-02
8.074681300318298227e-02
8.176518625365908344e-02
8.290519956698479132e-02
8.391175854152826963e-02
8.497605030770280510e-02
8.602040114569299567e-02
8.709241504905045062e-02
8.284516010080321402e-02
8.383721713741880410e-02
8.489928440339508664e-02
8.581475933637110198e-02
8.709011300201494055e-02
7.727052097485913318e-02
7.838175428511799658e-02
7.994663754723403681e-02
8.152953035825087624e-02
8.316577705807078058e-02
8.479349120676771268e-02
8.635018119071029286e-02
8.814007430643425178e-02
8.972706659220250347e-02
9.104358846445466391e-02
9.258519523342997881e-02
7.751667054976853211e-02
7.826412254783937650e-02
7.916047602055203969e-02
7.983481287689297989e-02
8.035929462763223563e-02
8.142873585659936297e-02
8.261655566552243701e-02
8.377285199916852110e-02
8.486841762194304029e-02
8.626995006034668401e-02
8.735148251727650748e-02
8.100938111168440314e-02
8.281222446447100705e-02
8.438973031987034856e-02
8.588247721841166249e-02
8.809097930999629233e-02
8.958820768363578990e-02
9.054581575273060179e-02
9.168200318293387441e-02
9.237420518469217912e-02
9.305102340250055726e-02
9.372784162030894928e-02
9.437237500228212728e-02
9.453806964501050569e-02
9.556499457490175153e-02
9.599851282118924967e-02
9.655322644862118775e-02
9.576698814201908827e-02
9.208669865123018938e-02
9.263650387554743515e-02
9.308924617252489764e-02
8.853842043681615925e-02
8.931718317884705660e-02
9.003661965834398873e-02
7.995360044233416896e-02
8.216845709865466807e-02
8.406935680040422687e-02
8.619086175803379601e-02
8.797276407418992694e-02
8.977619241913809001e-02
9.108775149476519561e-02
9.244641797004714279e-02
9.352976442727024831e-02
9.425170323450075827e-02
9.505888453929597914e-02
9.610967150261673364e-02
9.388803756414172696e-02
9.413114112902046249e-02
9.496440200806675891e-02
9.585902835948306722e-02
9.667719688883728846e-02
9.069923230112084123e-02
9.145833006620300576e-02
9.227773012438475475e-02
9.306311560460876764e-02
9.430631245257024842e-02
9.547435015006253134e-02
9.315030916360249325e-02
9.396902076563776185e-02
9.499557825100543584e-02
8.922114820047732930e-02
9.065604004109045766e-02
9.210767044912029911e-02
9.355436500706929004e-02
9.491404693430097184e-02
3.674999999999999795e-02
