7.838687515947341533e-02
7.878900068653821309e-02
7.898718102061411117e-02
7.966250388517331915e-02
8.031311401670108985e-02
8.108563486562904432e-02
8.207395379326440366e-02
8.321435136688740131e-02
8.435474894051038508e-02
8.547182484272607128e-02
8.593659363936753670e-02
8.673326632012494375e-02
8.749211504484867563e-02
8.805652551171233577e-02
8.879981248595152088e-02
8.949854045442498518e-02
9.038433162477589600e-02
9.087456057543980004e-02
8.621794173525390570e-02
8.630584131832154393e-02
8.723483342650784067e-02
8.816382553469410965e-02
8.901495888985706817e-02
8.992380976108030333e-02
9.080453853620661098e-02
9.157716859778601559e-02
9.225089438428232813e-02
9.299577822386621839e-02
8.065628882064725114e-02
8.139867502181041825e-02
8.220589080635490320e-02
8.299088159535343567e-02
8.374692952023882198e-02
8.459527887373813337e-02
8.525435912758157209e-02
8.608197761411529036e-02
8.693032696761457401e-02
8.782143846422844902e-02
8.843502078091163010e-02
8.914843392562522839e-02
8.988972435741222899e-02
7.913382177086338010e-02
7.984648254607552842e-02
8.071807937477452899e-02
8.154260185392683824e-02
8.253058063854404325e-02
8.288844540940719374e-02
8.391785452458044858e-02
8.478028932352800473e-02
8.515894285780066519e-02
8.555340766950247922e-02
8.614070392127393117e-02
8.672948534626274963e-02
8.726115303223773434e-02
8.784625794651755581e-02
8.845514760205004656e-02
8.876261104037680427e-02
8.917223642261939975e-02
8.544791845173893563e-02
8.619298519163637318e-02
8.677424166096874003e-02
8.742263173332624759e-02
8.814077847400191013e-02
8.335610811838227441e-02
8.406542434244759776e-02
8.489796558194888376e-02
8.575885024675179713e-02
8.666709763177592174e-02
8.757534501680007410e-02
8.848355623657593039e-02
8.922504492632553352e-02
9.005767100806921777e-02
9.071207052486920941e-02
9.141279615489436572e-02
7.823910877338130510e-02
7.934024337037952346e-02
8.045847127124083897e-02
8.147622498253424828e-02
8.245200355800762215e-02
8.312920420834468693e-02
8.374583924380347988e-02
8.436247427926225895e-02
8.497910931472106577e-02
8.552160457360549750e-02
8.322334692406739565e-02
8.350399842991867994e-02
8.396339388808779503e-02
8.452588532032193069e-02
8.495855888050726779e-02
8.556752794404345885e-02
8.360630018298682853e-02
8.399796988894610295e-02
8.469952207624720231e-02
8.535477909417768516e-02
8.605637345380763581e-02
8.675796781343762809e-02
8.745956217306759262e-02
8.809458669951225618e-02
8.380881935192775745e-02
7.790569895191506999e-02
7.774107326800362705e-02
7.780687113908806019e-02
7.849616897374880886e-02
7.901932095742686402e-02
7.961784207631365795e-02
8.024129468400102716e-02
8.086474729168838249e-02
8.101238190964746289e-02
8.170679798279464889e-02
8.234034764106024085e-02
8.285010945927154258e-02
8.338344700432151479e-02
8.372274942811787357e-02
8.413210718701048807e-02
8.501140163127320071e-02
8.567054351812718183e-02
8.634897478070349686e-02
8.699500833963519364e-02
8.762531359994453484e-02
8.787610248007217406e-02
8.167704291311911335e-02
8.251543114096543396e-02
8.346955104846633111e-02
8.389204586603495051e-02
8.442638209444949804e-02
8.534575003008217087e-02
8.613924421589883029e-02
8.694387647933057850e-02
8.751204068586336537e-02
8.798659890884603929e-02
8.865135743399127355e-02
8.882001269674022481e-02
8.927501544145086121e-02
8.943462796698571637e-02
8.918250835244391495e-02
8.944276831139273687e-02
8.930770941737549429e-02
8.948413668209401206e-02
8.987401278029488738e-02
9.007852991608979176e-02
9.029368811117483018e-02
9.050884630625986860e-02
9.072400450134489314e-02
9.093916269642994543e-02
9.004380611766782394e-02
8.695676018882875224e-02
8.624778974230942752e-02
7.957253343467272921e-02
8.068222910947039916e-02
8.173963803418260454e-02
8.272770643173243954e-02
8.374245582352556061e-02
8.460435383053642455e-02
8.540214948014045182e-02
8.616187867030751513e-02
8.687572913395749663e-02
8.763909956678687940e-02
8.474126652531666082e-02
8.557554605697645367e-02
8.630447910558057545e-02
7.757479772775158211e-02
7.852879320677715047e-02
7.960384057240305067e-02
8.067888793802892311e-02
8.175393530365480943e-02
8.282898266928069575e-02
8.390403003490656819e-02
8.443084075051671133e-02
8.505341470262384185e-02
8.549785331555159740e-02
8.438463547624051875e-02
8.491479887979529184e-02
8.544496228335006494e-02
8.555807916013496994e-02
8.564412421563971645e-02
8.619323481920186658e-02
8.611585908078095430e-02
8.643178280535569746e-02
8.676847752500226052e-02
7.799120998394952486e-02
7.827932251320873780e-02
7.897841559701031244e-02
7.984728566520926663e-02
8.075064423230489397e-02
8.127798289898802153e-02
8.204601850111964412e-02
8.303781513793714875e-02
8.402961177475463950e-02
8.502140841157210249e-02
8.588908200475985077e-02
8.673755017037167170e-02
8.713612345995100372e-02
8.747057027582340327e-02
8.772619724416683140e-02
8.753404711557390139e-02
8.824434122600278985e-02
8.895463533643167831e-02
8.146367577985894060e-02
8.254355020933708265e-02
8.365236791153325691e-02
8.432108099554390390e-02
8.519368968166776690e-02
8.587017562480338262e-02
8.666642495744504571e-02
8.748951579678297674e-02
8.832615999497375747e-02
8.916524314155023501e-02
8.972261587012712869e-02
8.824763079900246887e-02
8.889125211731768728e-02
8.947764212765753344e-02
8.997172477227488585e-02
9.040801763636391319e-02
8.400289310294764555e-02
8.464233662978225270e-02
8.534237346663035850e-02
8.609878978347572376e-02
8.449673131209492483e-02
8.470636425255036184e-02
8.503683682485868589e-02
8.497376597916078689e-02
8.596955332092394431e-02
8.673518670411289877e-02
8.731208710406071494e-02
8.732753357867879818e-02
8.743992930174816769e-02
8.813689048902723089e-02
8.892017774130930863e-02
8.968275917446091872e-02
9.032628711714714431e-02
9.078067511618315155e-02
9.108884757426199963e-02
8.996233832159793165e-02
9.062691510594955702e-02
9.118591707746488695e-02
8.735175073943057811e-02
8.747907093936747869e-02
8.776893385772369105e-02
7.666221281216156758e-02
7.755373791528183403e-02
7.866708261102699218e-02
7.979544844414870886e-02
8.084365130435956781e-02
8.185641595609371990e-02
8.288212748657131090e-02
8.307682218401334084e-02
8.328184523127420136e-02
8.373865228528656890e-02
8.358705992759521419e-02
8.398784203790450598e-02
8.442068690626776395e-02
8.496334015861252420e-02
8.537102122284746797e-02
3.674999999999999795e-02
