4.963932512271101993e-01
5.224165444392797619e-01
5.583358882533262513e-01
5.421916254893662801e-01
5.301747265966010314e-01
6.440052053533164012e-01
6.447124235279672044e-01
4.065967097523276452e-01
4.769768981374732375e-01
4.895606657642351811e-01
4.861580921185344462e-01
5.321281072893160324e-01
5.308012864175010170e-01
5.128508502760671384e-01
5.018444265718715602e-01
5.079257289134163633e-01
4.979274288911975099e-01
4.921423792472544578e-01
4.775627058093989685e-01
4.589054410629124781e-01
4.346819683936767875e-01
4.761497372513791571e-01
4.932415763623081428e-01
5.007841127442274054e-01
5.067873557772477611e-01
5.368916317571255092e-01
5.259830434477964500e-01
5.120281075220066702e-01
4.980731715962168904e-01
4.841182356704274437e-01
4.747942502039553814e-01
4.737137473660378850e-01
4.791176229551379895e-01
5.585442326365215315e-01
5.534721173194574462e-01
5.368053884725414449e-01
5.200839669885052308e-01
4.783066712405352194e-01
5.168135584905284574e-01
5.176964029308247506e-01
5.594887792953600059e-01
5.507079360386104572e-01
5.408273946565703705e-01
4.622092121885725824e-01
4.983758144415050273e-01
4.986040755581192530e-01
5.052154220295259623e-01
4.910432178608608589e-01
4.748094915049434483e-01
4.756970339204399933e-01
4.545921239255188984e-01
4.475712320172703373e-01
5.133287917293267721e-01
5.133395775502738179e-01
5.048361274597726878e-01
5.194826171810041915e-01
5.265272724595549958e-01
4.632124055295499532e-01
5.051124600472405302e-01
5.404237294770329880e-01
6.043328362263353792e-01
5.979341498622331441e-01
5.915354634981312421e-01
5.851367771340290069e-01
5.787380907699269939e-01
5.723394044058248697e-01
5.659407180417226346e-01
5.595420316776206215e-01
5.531433453135186085e-01
5.542591020720251116e-01
5.507859439048623518e-01
5.790441217342480185e-01
5.874452235442679804e-01
5.832287075555766531e-01
5.842052968166563387e-01
5.875974062899267381e-01
5.850847940688809201e-01
5.825721818478353242e-01
5.198579946220870385e-01
5.059463380000722710e-01
4.841785951117462128e-01
4.691381553788467884e-01
4.540977156459473085e-01
4.530301802474355766e-01
4.490968321937902075e-01
4.765176906168811510e-01
4.912625143318985477e-01
4.892099904207426464e-01
4.508514745159697967e-01
4.426491945082339785e-01
4.344469145004981603e-01
5.059378734406773104e-01
4.907631769937763067e-01
4.755884805468753584e-01
5.121936398940697410e-01
5.389565056683295330e-01
5.271827577540197929e-01
4.624756032012984908e-01
4.673305995083880116e-01
4.760434023254679903e-01
5.179384236849104983e-01
5.068873654406580442e-01
5.458917039021888851e-01
3.655720141806753642e-01
3.976062937218378668e-01
4.536576178313784791e-01
4.818967145764901927e-01
5.194323113008699755e-01
5.010632109748404117e-01
4.826941106488104039e-01
5.175411875072599699e-01
5.119152132141358003e-01
4.991674454419733342e-01
5.706737517221838196e-01
5.645635479970234627e-01
5.584533442718631058e-01
5.132033157010648106e-01
5.106763761819634873e-01
5.020813925755492901e-01
5.199374722408172111e-01
5.394654670693479481e-01
5.342143137894597160e-01
5.289631605095714839e-01
5.246956279085376318e-01
5.030021741663064372e-01
4.900307233460498013e-01
4.770592725257933875e-01
4.917401478978130624e-01
4.943991556074837090e-01
4.885463638211315907e-01
4.925405868078849281e-01
4.786649112818262553e-01
4.662355677573370993e-01
4.591582730078188623e-01
4.437155821439583425e-01
4.292715131750671209e-01
4.014147524214505824e-01
4.629445095714911362e-01
4.465506909337626507e-01
4.384220301701990952e-01
4.568718204570094699e-01
4.497835390044115922e-01
4.575192581392848457e-01
4.890875598274913028e-01
4.900001049905796102e-01
4.470339076847739679e-01
4.362722050979034316e-01
4.484691256308615537e-01
4.383399905328840274e-01
4.282108554349061125e-01
4.761318464038949427e-01
4.609716439888659756e-01
4.548840303492334702e-01
4.463978044255813571e-01
4.757670161684720012e-01
4.742538515039900759e-01
4.998396670069072401e-01
5.215745768283536199e-01
5.173193903892167045e-01
5.326657464945281362e-01
5.454389524576931381e-01
5.166124731234598144e-01
5.141454686517151762e-01
4.975635406759441604e-01
4.777037338253649068e-01
5.260066087176583638e-01
5.129829933250341645e-01
5.098097303593444041e-01
4.615891912360819971e-01
4.492199129080955977e-01
4.510735047596290404e-01
4.923080035035968804e-01
4.876291431310564306e-01
5.077358744779972843e-01
4.556364875310955354e-01
4.733637733522849111e-01
4.792160697121367052e-01
4.761589776761790405e-01
4.359285966705910287e-01
4.563026539246430868e-01
4.593670809719671566e-01
4.568618963981106451e-01
4.818872270285660675e-01
4.733550882764086531e-01
4.746264323606598778e-01
4.679948095761859439e-01
4.594626708240284740e-01
4.958689193843701659e-01
5.129143085922848178e-01
5.204112433430226892e-01
5.419260854624993184e-01
5.417594667329942437e-01
5.272833308933799756e-01
5.104170593438206449e-01
5.009365775201684023e-01
5.770622762983201870e-01
5.719430636962131720e-01
5.716581153758535372e-01
5.049211677550153876e-01
5.057415371188932474e-01
4.899279747940256668e-01
5.560562681977841981e-01
5.410472358540475701e-01
5.260382035103108311e-01
5.110291711665740921e-01
4.983844593855163430e-01
4.863517477292929048e-01
4.821840273740466976e-01
5.045611763236984570e-01
5.553742311155193123e-01
5.603851887556972056e-01
5.548017836018124260e-01
5.492183784479277575e-01
5.417390000399002759e-01
5.309996903605601615e-01
5.158504037614974891e-01
5.007011171624350387e-01
4.855518305633722553e-01
5.125671670580709272e-01
4.831822355053252971e-01
4.701843343801090924e-01
4.768781488114773870e-01
2.124208958354443511e-01
4.520966475795848427e-01
4.884760209072842030e-01
4.967559989490598626e-01
5.573446271014321773e-01
5.543282679182527373e-01
5.638952586525293187e-01
5.914718062263867315e-01
5.824695847614836941e-01
5.734673632965806567e-01
5.508390138450968143e-01
5.546123918675140985e-01
5.625833675060815109e-01
5.492275477249788374e-01
5.579293026955950419e-01
5.933383688442751547e-01
5.904085143564089533e-01
5.568697939895680404e-01
5.649455778936093298e-01
5.706036000424644650e-01
5.465363506416245354e-01
5.302732017959476130e-01
5.176649490700023781e-01
5.330979244219800073e-01
5.253767692339059714e-01
5.440205930225892050e-01
5.302491255185003416e-01
5.111524807345669830e-01
5.279119420364920545e-01
5.275829579454178742e-01
5.200299778790742344e-01
5.149250521072016307e-01
3.641259613002097995e-01
4.832428771398583622e-01
4.674440360811858985e-01
4.562721306466036575e-01
5.608240979939985715e-01
5.587882891184007272e-01
6.007182192984336089e-01
5.921092816900075384e-01
5.835003440815815789e-01
4.913622857335348537e-01
4.873452319518495335e-01
5.011011587448113147e-01
5.672133543984253512e-01
5.568702944299085411e-01
5.729234520045439760e-01
5.619047382601498608e-01
5.508860245157557456e-01
5.552270153085270277e-01
5.525757470603969157e-01
5.476555140017321799e-01
5.373368610810409507e-01
5.281352555749995181e-01
5.188027894685596220e-01
4.981138113225695441e-01
4.888264402527826569e-01
5.401055769799091300e-01
5.531881273426842993e-01
5.472004682709594725e-01
5.481261006687223603e-01
5.714152514433153973e-01
5.573801365764640137e-01
5.433450217096126300e-01
4.869425121441314785e-01
4.497282362272878586e-01
4.544532369659565751e-01
4.586640532688167071e-01
4.375229964617826095e-01
4.091812670709419342e-01
3.818648756722688997e-01
3.653009260078113885e-01
3.987118206429734468e-01
4.064883339584005606e-01
4.407445551606140044e-01
3.691339459258233258e-01
3.339853797519350964e-01
3.706760644467293475e-01
3.665468471387700045e-01
3.469129499945965422e-01
3.994397659728124439e-01
3.914481226308427209e-01
3.834564792888728868e-01
5.431824427990245008e-01
5.646205333871228138e-01
5.679817025256548302e-01
5.544755407703036987e-01
5.434976675493278231e-01
5.516332019520217012e-01
5.390370565008403281e-01
5.119906969684677733e-01
4.985033005080494184e-01
4.868145724306947031e-01
4.733084106753437381e-01
4.908262160521040252e-01
4.829257647890642935e-01
4.940686828323898050e-01
4.716340076294925354e-01
5.197220828772661783e-01
5.764951595526055517e-01
5.640058332953590270e-01
5.545477128035939396e-01
5.621988848702994535e-01
5.487385598693552691e-01
6.183720021786502929e-01
6.139599706924178113e-01
5.970415110814010218e-01
4.940291859530629437e-01
5.139191193110956846e-01
4.927611005312695358e-01
4.614688945088399330e-01
4.253650569920788271e-01
4.463207175460661702e-01
4.370043822293463442e-01
4.320113817748681417e-01
4.181805007812615660e-01
4.151606761154195691e-01
4.422298867510020548e-01
3.772911100037431020e-01
3.463492301913634330e-01
3.944439513026517519e-01
3.875054643880243566e-01
4.317771357059898008e-01
4.756617465373781939e-01
4.720711093030886540e-01
4.684804720687990587e-01
5.804953884019378174e-01
5.518502122086568207e-01
5.111152744551369365e-01
4.771653545377720351e-01
4.293636243807497643e-01
4.289856786509585462e-01
4.251486084614560790e-01
4.056866614238325286e-01
3.986150225988634999e-01
4.135944536338074795e-01
3.996546223841042078e-01
3.821274979063007948e-01
3.333189566956108463e-01
3.272535423119371512e-01
3.790063582734081726e-01
3.830507788318644469e-01
3.705099240289266849e-01
3.703771179085000864e-01
4.801682470626777444e-01
4.689600074543451846e-01
4.577517678460128470e-01
4.311317287509596197e-01
3.584232922170707547e-01
4.377210230789256862e-01
4.399029043698486352e-01
2.287499999999999811e-01
