3.898836901116172760e-01
4.610355719504272143e-01
5.129691313647174455e-01
5.067058231338895657e-01
5.033939213050999673e-01
5.073652941959838625e-01
5.074071083704092544e-01
4.892863871097418160e-01
4.711656658490742666e-01
4.558302184879067243e-01
5.025625775667688089e-01
4.899035857222578949e-01
4.778456100322130418e-01
4.890091177094582076e-01
4.788096596487131928e-01
4.739318199908419404e-01
4.467132893658983250e-01
4.667361895492851409e-01
5.302291738451047065e-01
4.633558259514377609e-01
4.485943011681791104e-01
4.338327763849203489e-01
4.283698112484535248e-01
4.160137256224954450e-01
4.070162217589720077e-01
4.109287928276182389e-01
4.266533601776194562e-01
4.338796229017379824e-01
5.435223261260007099e-01
5.426972287492032310e-01
5.341296268428639138e-01
5.282163244045812167e-01
5.257596268803869100e-01
5.122795015960180942e-01
5.214035144991183701e-01
5.103992470409217663e-01
4.969191217565529506e-01
4.783319748087847545e-01
4.928897413498817270e-01
4.955248547147743099e-01
4.948306235091876060e-01
5.068627535992219491e-01
5.189536671389725075e-01
5.120630748622891915e-01
5.107945049029014584e-01
4.900045818908446704e-01
5.394007917152702225e-01
5.035279361845110824e-01
4.875965847058468805e-01
5.163893807542129233e-01
5.302407007297426089e-01
5.210624372912462388e-01
5.117068017370720590e-01
5.091721784422655883e-01
5.002556233099090255e-01
4.884984905079493012e-01
5.127402602179881308e-01
5.247809749117928746e-01
4.890237768152709830e-01
4.752958862119513461e-01
4.811316222075472937e-01
4.789496878989920048e-01
4.684368143455873712e-01
4.870338967151018328e-01
4.963600663800834534e-01
4.909696484872872468e-01
4.821942158013208246e-01
4.677623211003647530e-01
4.533304263994089034e-01
4.389028508623911695e-01
4.443867089113630597e-01
4.389861584307580555e-01
4.548709519920001165e-01
4.652230840309234949e-01
5.482380210533299714e-01
5.366047465920456006e-01
5.229300432693982925e-01
5.212548288722862466e-01
5.245926449816850079e-01
5.355751758182292210e-01
5.257769511853831457e-01
5.159787265525367372e-01
5.061805019196906619e-01
5.052366848891559625e-01
5.224829274125663003e-01
5.513628927844138605e-01
5.611457170325730992e-01
5.586159363781083576e-01
5.715901187283281004e-01
5.635095809640773279e-01
5.279942028566582124e-01
5.387116946742905865e-01
5.275685175770270519e-01
5.219543064217444517e-01
5.108060927434904253e-01
4.996578790652366209e-01
4.885096653869827055e-01
4.853117917862899144e-01
5.440567053698268651e-01
3.851994545434880846e-01
4.687622427089856436e-01
5.418708395141325074e-01
5.309180155022510395e-01
5.398077531220177860e-01
5.362874965621661216e-01
5.263809418794447303e-01
5.164743871967232280e-01
5.639168132520250287e-01
5.465806291953384521e-01
5.365136341159385536e-01
5.412304439344544083e-01
5.431316383762369027e-01
5.377401812327865516e-01
5.240404350469386463e-01
4.940710457166369585e-01
4.903941618140109648e-01
4.844135753251166965e-01
4.823022003000611568e-01
4.820692335104820869e-01
5.271613658397426017e-01
5.035719312437240136e-01
5.071106226670220041e-01
4.968276449201463607e-01
5.413319498290862786e-01
4.816237642044674527e-01
4.662969336662898256e-01
4.660030252490005576e-01
4.416212115168131058e-01
4.330555137205253646e-01
4.460018191456287528e-01
4.362327741981730789e-01
4.784886817743511656e-01
4.793225672622685729e-01
5.154344846403233760e-01
4.277928774786016186e-01
4.370776836940840626e-01
4.935748557780799128e-01
5.128716809044936431e-01
5.066766167750165195e-01
5.135736726528777885e-01
5.101548459469440466e-01
5.067360192410103048e-01
5.033171925350766740e-01
4.998983658291428767e-01
5.141254278362191732e-01
4.964991024188035729e-01
5.193608620171168422e-01
5.641642887973490339e-01
5.411177110238702959e-01
5.243156651177405259e-01
5.157948593127187342e-01
5.040875804809265004e-01
5.005389652453373639e-01
4.945498440508269145e-01
4.931069457262177713e-01
4.971432781685068969e-01
4.952655114345129173e-01
4.882166502562791388e-01
4.859282562656372928e-01
4.962212422513598287e-01
5.895570463598103217e-01
5.869317825473314709e-01
5.698494648494496495e-01
5.527671471515676060e-01
5.356848294536856736e-01
5.186025117558037412e-01
5.015201940579220308e-01
5.264887319338170668e-01
5.165961389371086510e-01
5.279779950195407912e-01
5.272229257933072066e-01
5.187987205155794035e-01
5.103745152378513783e-01
5.520633815065758565e-01
5.405493445547732145e-01
5.318240715284419107e-01
5.330535587008926601e-01
5.399804538465791115e-01
5.444266987236910937e-01
4.403728508106061756e-01
4.994965939613960626e-01
5.095375165982685139e-01
4.993022165271147061e-01
4.849480043020125697e-01
5.200796949184010032e-01
5.310436776934532865e-01
5.152841997545964947e-01
4.995247218157397584e-01
4.837652438768828556e-01
4.828296037200950352e-01
4.841876403423725495e-01
5.052453920650934460e-01
4.999310896962381734e-01
5.040301291179847265e-01
4.771793166420222887e-01
4.658928654202041386e-01
4.546064141983858775e-01
5.039607664653580343e-01
4.897984976421168590e-01
4.721795751056914736e-01
4.948933260392592293e-01
4.810277241328531073e-01
4.905847812461873736e-01
4.858386678413690318e-01
4.778869116368247849e-01
4.675062513006162934e-01
4.560240649971077365e-01
4.781861514718303008e-01
4.658405946711484669e-01
4.556135626462025079e-01
4.522215839737426801e-01
4.598537421218513721e-01
4.743876512016320657e-01
5.216924095849199139e-01
5.231280987962217965e-01
5.271852086173207663e-01
5.245089976844581336e-01
5.254417422455852638e-01
5.467721930973986622e-01
5.155963790300418514e-01
5.613480174320358840e-01
4.655299751050040458e-01
4.449372561438258433e-01
4.468846477525920680e-01
4.906075770387551827e-01
4.786748325124932646e-01
4.465514199442573995e-01
4.319612657604258166e-01
4.198439779756053536e-01
4.149138743311083233e-01
4.255412798072910618e-01
4.536309984606495815e-01
4.603373241112495018e-01
4.497773133359829756e-01
4.518259516365930040e-01
5.166745050175289844e-01
5.331354916138139055e-01
5.301842335531632422e-01
5.718934490844960195e-01
5.790314245820262773e-01
5.596778030175049157e-01
5.385302284748644253e-01
5.269564032684361798e-01
5.196149126743692115e-01
5.107271948475166079e-01
5.697469910124237646e-01
5.961936479024917412e-01
5.925701005576674563e-01
5.139209153119295159e-01
5.272101251667774546e-01
5.366701256311801060e-01
5.330158676657921202e-01
5.454811453089495332e-01
2.287499999999999811e-01
