7.698725511739705485e-02
7.765018992793540353e-02
7.823026307075468810e-02
7.924627550310273105e-02
8.022772866858669805e-02
7.977187278782682522e-02
7.972736518358788937e-02
7.787029940471039413e-02
7.830082884402150833e-02
7.909198490227126177e-02
8.001699788505117761e-02
8.052422315039028944e-02
8.142309368155838112e-02
8.246115716354862624e-02
8.339493110205577209e-02
8.413948009605166922e-02
8.501866690888294775e-02
8.586257530945588801e-02
8.678012290447546795e-02
8.773181301045250569e-02
8.873011012056736257e-02
8.917836094995429397e-02
8.983071645425441676e-02
8.322055730027079490e-02
8.359925584568800305e-02
8.377615148365541442e-02
8.446266541765723446e-02
8.534089619229962009e-02
8.621912696694200573e-02
8.709735774158441912e-02
8.793681261525161663e-02
8.839071876269156969e-02
8.848608417194485376e-02
8.031531663339470939e-02
8.127010955638221124e-02
8.232198656394981717e-02
8.337432152422061260e-02
8.463645447473959471e-02
8.503973176320818450e-02
8.557142322294405967e-02
8.576057075508462801e-02
8.637317826013066191e-02
8.699499376383348914e-02
8.547110224774953635e-02
8.574290020942650081e-02
8.640284784375858174e-02
8.700934859114864417e-02
8.593174921042992520e-02
8.698443977521230774e-02
8.789377043401393197e-02
8.898724842161093163e-02
8.996279802809940829e-02
7.809180556909961490e-02
7.917895500923603780e-02
8.033739589839175577e-02
8.130199757859755960e-02
8.233025098260567110e-02
8.348690616849599455e-02
8.367795672584246724e-02
8.428430471889968023e-02
8.436675230887716315e-02
8.476944303509208190e-02
8.517213376130702840e-02
8.557482448752194715e-02
8.597751521373687977e-02
8.638020593995181240e-02
8.678289666616673115e-02
8.718558739238163602e-02
8.758827811859659640e-02
8.478132333797434861e-02
8.515010471623660204e-02
8.525319308974303734e-02
8.542954623688246707e-02
8.569490568552007304e-02
8.563344565819883125e-02
8.541996886789152144e-02
8.557809595561155502e-02
8.573622304333158861e-02
8.442379499400162746e-02
8.536088861926592608e-02
8.636376287116204198e-02
8.731030802965146498e-02
8.825685318814086022e-02
8.908640034383040474e-02
8.993994353849832368e-02
9.031242206674323925e-02
9.057251019685899629e-02
9.097324597456235562e-02
9.055931455155021015e-02
9.107551145588101138e-02
9.159170836021182649e-02
8.362601070131230052e-02
8.458100508368676662e-02
8.553599946606123272e-02
8.596465235255858206e-02
8.638293867807028681e-02
8.712389999858193013e-02
8.636123667891822120e-02
8.692353205496178292e-02
8.745352522338580015e-02
8.770567684899098493e-02
8.840115689233048191e-02
8.320974685279010352e-02
7.777255027391306863e-02
7.798519385753065192e-02
7.821697373728922487e-02
7.868163111890305594e-02
7.921900274036255962e-02
8.037503163899759051e-02
8.153106053763260752e-02
8.222783583801397678e-02
8.324983672477374863e-02
8.433146985358287717e-02
8.438686634068881531e-02
8.477140188992435266e-02
8.515593743915990388e-02
8.493586309173170590e-02
8.542596516489738001e-02
8.596687621965541648e-02
8.621150173309748144e-02
8.635090803544628879e-02
8.668138066801776842e-02
8.701185330058926193e-02
8.664185160938957242e-02
8.654750014143511305e-02
8.736383691020924158e-02
8.818017367898337011e-02
8.871585014957938942e-02
8.854850990430256086e-02
8.891684565959966091e-02
8.920273033426072418e-02
8.251442831770863795e-02
8.351554205556044330e-02
8.447184198788021403e-02
8.544370215492454179e-02
8.635271570733320246e-02
8.737403648760438957e-02
8.770009486809920984e-02
8.873181268594683424e-02
8.969432463642702802e-02
9.018043405309922322e-02
9.062652330382044152e-02
9.094848814770881140e-02
9.098095094112919334e-02
9.092352142301908524e-02
9.034576361754388663e-02
9.098852057266701432e-02
9.143904025286336834e-02
9.207650059025657141e-02
9.271396092764974672e-02
8.759996791976372432e-02
8.863120448978467625e-02
8.957573580969953320e-02
9.054035120376292822e-02
8.839831193195518688e-02
8.908652472435511782e-02
8.954783218042512705e-02
8.474010496125436442e-02
8.546046927928115100e-02
8.601670584873000180e-02
7.904191035989631409e-02
8.036683419766210701e-02
8.147104472916306961e-02
8.269344241919054928e-02
8.394328646343293676e-02
8.446118237643686355e-02
8.533136963690395038e-02
8.611907786987278712e-02
8.495742850582232997e-02
8.573586854635874277e-02
8.639521756864557145e-02
8.658194827023216189e-02
8.701024708899238180e-02
8.723101104885741530e-02
8.679164509389426796e-02
8.704437576268227172e-02
8.760330393226051227e-02
8.823683224390894975e-02
8.745955091744643528e-02
8.810033083219530325e-02
8.888604784197658149e-02
8.980835469594859732e-02
8.933592740206591776e-02
8.987288342003053876e-02
9.032775285922139963e-02
9.084879546597338096e-02
9.138575148393801584e-02
7.719435727342913167e-02
7.781661506583013865e-02
7.851882403191565163e-02
7.926298682479811231e-02
8.034802159941052679e-02
8.155287290484920792e-02
8.277773730833767885e-02
8.394075897488674498e-02
8.398481512976542496e-02
8.430698429435461161e-02
8.458867516950334398e-02
8.488061007050939910e-02
8.573653108624185171e-02
8.673173143429632748e-02
7.901229951207651425e-02
7.995686809855868937e-02
8.090143668504086449e-02
8.184600527152303961e-02
8.277077691549473981e-02
8.354470889724589788e-02
8.410707042941646672e-02
8.444716630951253078e-02
8.471114453895282892e-02
8.439578822105668621e-02
8.474717057490728511e-02
8.509855292875791177e-02
8.323048144318558050e-02
8.414695105481581616e-02
8.510034631051070775e-02
8.605374156620561321e-02
8.700713682190050480e-02
8.740513620091823477e-02
8.779483514721105053e-02
8.861283652211009165e-02
8.926595511124822691e-02
7.901820506064545502e-02
7.748658670586311414e-02
7.794523160802191430e-02
7.863915852812500273e-02
7.893121877878006565e-02
7.979198109458396360e-02
8.054738043261014391e-02
8.097981040716248358e-02
8.154635030191136058e-02
8.211289019666023759e-02
8.143880359933276802e-02
8.213590369451147233e-02
8.279785644122962529e-02
8.363838283380624350e-02
8.429421661482539019e-02
8.442009897829767795e-02
8.460448451687352378e-02
7.896110161406327821e-02
7.978080105357161778e-02
8.062074490969037277e-02
8.170958458022045678e-02
8.273307891117381851e-02
8.353892676766221104e-02
8.392293637491604619e-02
8.450082028095021180e-02
8.332750211630199355e-02
8.397455968797495895e-02
8.466620606462270382e-02
8.497984516622549001e-02
8.500054923499986148e-02
8.547588352315411975e-02
8.593071974903412902e-02
7.852420164322858331e-02
7.875978875801820100e-02
7.999273737791237626e-02
8.118694371387277786e-02
8.140926222606244267e-02
8.239812162678360197e-02
8.185749575983797266e-02
8.239928498659630784e-02
8.294107421335467079e-02
8.171534009115215269e-02
8.217235439705754263e-02
8.249180853662244073e-02
8.250451609111514317e-02
8.315739923096061859e-02
8.360671339446754113e-02
8.430015789029059181e-02
8.499360238611362861e-02
8.535898110770769043e-02
8.552583428279371403e-02
8.583548099944729448e-02
8.648486832705643002e-02
8.706395612613331003e-02
8.764413964794079415e-02
8.831941358156267241e-02
8.889921951335033601e-02
8.631062377863581159e-02
8.548729514420154441e-02
8.586411854868147842e-02
8.580586540713755483e-02
8.370162949829260124e-02
8.458490620176568886e-02
8.546818290523877648e-02
8.290395199700900664e-02
8.436901375526967284e-02
8.548290932143871867e-02
8.660111025967794085e-02
8.793158764740191535e-02
8.932235774814820117e-02
9.070454248293136068e-02
9.174696721510587627e-02
9.212121469831073550e-02
9.271010413036501197e-02
9.119537677798424113e-02
9.260922010372679702e-02
9.371775924116035328e-02
9.423665285843130235e-02
9.510921922120957328e-02
9.611160945821449475e-02
9.379482525970779527e-02
9.429776609442085122e-02
9.480070692913386554e-02
8.192177090544745799e-02
8.247916340675678915e-02
8.318791769053852925e-02
8.403790560620688632e-02
8.486672364180274097e-02
8.553550118294196702e-02
8.637786934486726964e-02
8.734123212230494870e-02
8.819106291229802941e-02
8.902583308185872679e-02
8.987582099752706999e-02
7.828254388618979820e-02
7.911943786123265543e-02
8.029445401480998779e-02
8.175062226494654583e-02
8.234748985078001182e-02
8.260283696747984516e-02
8.343813243409368974e-02
8.424988569948471673e-02
8.492021804648676453e-02
8.576732130195000026e-02
8.348322065705149342e-02
8.376088454963445673e-02
8.404052236741722803e-02
8.277445408720779385e-02
8.376229600006737663e-02
8.509384086144972104e-02
8.651024135763853151e-02
8.796693063428225046e-02
8.874628568012596364e-02
8.957955106166502757e-02
9.037661627091259087e-02
9.124768287223422591e-02
9.202822627463913552e-02
8.900373533931359160e-02
9.074913144937495069e-02
9.220986454682365829e-02
9.274086027320609105e-02
9.346471272259772312e-02
9.375977198104658294e-02
9.182588225924363801e-02
9.205185306530819234e-02
9.227782387137273279e-02
7.825886266444097294e-02
7.967982338883264348e-02
8.120201417413544509e-02
8.266739260913547049e-02
8.424875510116611177e-02
8.543302848914102743e-02
8.664626583790299708e-02
8.799033349520185565e-02
8.923065455263398671e-02
9.007606263590499374e-02
9.095334282278039195e-02
9.186066015391022854e-02
9.302990322323409500e-02
9.384124929759486700e-02
9.424804765751063074e-02
9.409644249446423581e-02
9.488568041621688043e-02
9.557102319349872199e-02
8.944410855854448283e-02
9.014948055064454790e-02
9.085485254274468236e-02
9.168927070279575542e-02
9.290959649690409827e-02
9.275402606740605627e-02
9.261671298288205734e-02
3.674999999999999795e-02
