4.987716823999836513e-01
5.382445083670894803e-01
4.850884724078978749e-01
4.377701336016978084e-01
4.261712434762997548e-01
4.204629272870950563e-01
3.560528216349659325e-01
3.945961554662293369e-01
3.838167100754548700e-01
3.930055963881451953e-01
4.095355822386984035e-01
4.064611771910822124e-01
5.521150391456605133e-01
5.353551685074965372e-01
5.111799192850119411e-01
5.098075776775459200e-01
4.970033418330321862e-01
4.896380312136543456e-01
4.796595109998362805e-01
4.776240181418596187e-01
4.584652254952082395e-01
6.527299265937436257e-02
4.504315110571646130e-01
4.218809118283549098e-01
4.005246013979485986e-01
4.552850577412910771e-01
5.259632930090064606e-01
4.753792507538581735e-01
4.352078123265676890e-01
4.092622523377095201e-01
3.865352347238767972e-01
4.076558479476461994e-01
3.983158998332138045e-01
3.988701446348583701e-01
3.859880039287027498e-01
3.936773196839167266e-01
3.842284982923813152e-01
3.694984918330119772e-01
3.511644306302322271e-01
3.721782591989545308e-01
3.860209937539529901e-01
4.124798406297500719e-01
4.327300101704250612e-01
5.787631538195182612e-01
5.251399055691607920e-01
5.139513867403219249e-01
5.318759394307904786e-01
4.980084190684645473e-01
4.882620413724824138e-01
5.166986157596725748e-01
4.977482168233181570e-01
5.024636863055642610e-01
4.885068485488842094e-01
4.672886157840995813e-01
4.366364860665655767e-01
4.624755800166024389e-01
5.562445623018534846e-01
5.579098902670315274e-01
5.492490562046361546e-01
5.372444551561965653e-01
5.161335436200282789e-01
4.950226320838599925e-01
4.744470808891449454e-01
4.703639759866498626e-01
5.860214537840863214e-01
5.816355483122149783e-01
6.150990344615306915e-01
3.303245256444924394e-01
3.711973080110234080e-01
3.725220123703618103e-01
4.669070708465566377e-01
4.648474492573858030e-01
4.514484995078670293e-01
4.658202196838297504e-01
5.062578272130339174e-01
4.844354508371585544e-01
4.588390703134306303e-01
4.487940638386044290e-01
4.282891405692582087e-01
4.158118921761848052e-01
3.868431420858686742e-01
3.859381263524641614e-01
4.278722781934244934e-01
4.195229846054345235e-01
4.128719863849575344e-01
4.429329438852798173e-01
4.272919825583976761e-01
3.996219283208314876e-01
3.897687069063650034e-01
4.252511348396967872e-01
4.046589123147203426e-01
4.374807552224457274e-01
4.114069821535616400e-01
3.941384216152162279e-01
3.711156156224532654e-01
3.609867397086993779e-01
4.075282808567390891e-01
3.806602933039464620e-01
3.714689295387391677e-01
3.756201813121206601e-01
3.618928682684490195e-01
3.497410137484217585e-01
3.704282891903807329e-01
3.546242722995494590e-01
3.238468807237086522e-01
3.971643253424145259e-01
3.863436873816761263e-01
3.755230494209380043e-01
3.888692037184773853e-01
3.753179603915758333e-01
3.641171009681632431e-01
3.672968775782625706e-01
3.443640400116345646e-01
3.846620807284010235e-01
3.752940310192501294e-01
3.999737871736223638e-01
4.886910717491897982e-01
5.069376543196121299e-01
4.901339200321351841e-01
4.707055285210823281e-01
4.512771370100297497e-01
4.245214731070078851e-01
4.072310491701670587e-01
4.044885798012242684e-01
3.948564958340847753e-01
4.340430275248374770e-01
4.281751031122414952e-01
4.175146053244276900e-01
3.964400002654689947e-01
3.742241673099545585e-01
3.714648745770128269e-01
3.905267644241369740e-01
3.743235077108552078e-01
4.094293318627524880e-01
4.479462859892947013e-01
4.386334393886995864e-01
4.484676988115805507e-01
4.070991793335472231e-01
3.865415914917317286e-01
3.659840036499161786e-01
3.827375094446771597e-01
4.012350280174920569e-01
4.081563611770455124e-01
3.716398885360513438e-01
3.718151839640532197e-01
3.557867790401929575e-01
3.584760462900236089e-01
3.711188158431770745e-01
3.668947826013596591e-01
3.582717133849438462e-01
3.821841818045360606e-01
3.916716591758952482e-01
3.932727352089769313e-01
3.857074327626281995e-01
3.805006305195227090e-01
3.703182907852773931e-01
4.434623659133967166e-01
4.659437989223851329e-01
4.750299614494487010e-01
5.364561353942964850e-01
5.099638433617935673e-01
5.286443515187781994e-01
5.179073825079157922e-01
5.009125097159636830e-01
4.795225910070535225e-01
4.340084096920196477e-01
4.437659764788994821e-01
4.280045903419911757e-01
4.034345709698842208e-01
3.992924283360423932e-01
4.299784471920815587e-01
4.127117757274351151e-01
4.057772633594634026e-01
3.957419300320805799e-01
4.060471514352256839e-01
4.410314445599420319e-01
4.217410202252359630e-01
4.143585944984940483e-01
4.189958551229472916e-01
4.401194379885327024e-01
4.864727557933898883e-01
4.779809448638813185e-01
4.478873181059456754e-01
4.698885732458169540e-01
4.539740327622382443e-01
4.523470336402122816e-01
4.855410346445365177e-01
4.610732490454640398e-01
4.467815246275558261e-01
4.903815479584065495e-01
4.526247279099205323e-01
4.347269075552693263e-01
4.183682631120833606e-01
4.442324466968932684e-01
4.248550079698781845e-01
4.142883960839340296e-01
5.723469662679849801e-01
5.626293736181324778e-01
5.529117809682803086e-01
4.098272623719613761e-01
4.515212436285355735e-01
4.543478112747363351e-01
5.997624697839420982e-01
5.787189563631809364e-01
5.716202055271142335e-01
5.317544453712880204e-01
5.209693440957994248e-01
4.742491541314087788e-01
4.648810698225526172e-01
4.611795542940175241e-01
4.441963244161817870e-01
4.569407145369832057e-01
4.392787436871847251e-01
4.216167728373862444e-01
4.172337888107542914e-01
4.174440338687792629e-01
4.852566739486929848e-01
4.716671422173691064e-01
4.624059743989470395e-01
4.612797030967257239e-01
4.477623975816779622e-01
4.407480854014222404e-01
4.631966757761487585e-01
4.426234708537495899e-01
4.271892994259395837e-01
4.147211307015294390e-01
3.934015086491757240e-01
4.095887379493036162e-01
4.095739819633571477e-01
4.932931784170694889e-01
4.765316607120291259e-01
4.857653173687509485e-01
4.936006543726864093e-01
4.894766100423233457e-01
4.445240442770492240e-01
4.540943563161977115e-01
4.523060142930638849e-01
4.612084323477991799e-01
5.036574387220745797e-01
4.894251491868435444e-01
4.751928596516124537e-01
5.855152170302722059e-01
5.562403000106405093e-01
5.398546768717796818e-01
5.130511676554381228e-01
5.062953323279199003e-01
4.926445521713290754e-01
4.813752885807456861e-01
4.668022646120209007e-01
5.228417162890151015e-01
5.230580686075231300e-01
5.149131992481005282e-01
5.242756428012831371e-01
4.906582834244185287e-01
5.072153424305922975e-01
5.469533297539310723e-01
5.325125513983296477e-01
5.159209183454337433e-01
4.929573065726273184e-01
4.710127251910810053e-01
4.575504583430531902e-01
4.162370746137033506e-01
3.991558471476362446e-01
4.143765147814950645e-01
4.027156147495576377e-01
4.419610192149513450e-01
4.534308267124015357e-01
4.471175438097723109e-01
4.739461330487758639e-01
5.312150193618128124e-01
5.293167447794345781e-01
5.132806855051694761e-01
5.010094298497059784e-01
4.959911562354716308e-01
4.544317029261010221e-01
4.510893902613173356e-01
4.853459897000110823e-01
4.593982880543360792e-01
4.603623218109120785e-01
4.714489967008141935e-01
3.970540513929732285e-01
3.741973441643502429e-01
3.823785530716869996e-01
3.692322839952134061e-01
3.828755279904737518e-01
3.721210029434903754e-01
3.613664778965069990e-01
3.743176356735511967e-01
3.716847763052799625e-01
3.530438712465888695e-01
3.651875109316046752e-01
3.628569593828098183e-01
3.521574728003947219e-01
4.106366396836431676e-01
4.019003292530096694e-01
4.047561055732422086e-01
4.786145069437131028e-01
4.662401009444943623e-01
4.609509457278990197e-01
5.052271437170349211e-01
4.456356786267647863e-01
4.235396441109623988e-01
3.750970390357797890e-01
3.672126922851378650e-01
3.520237851192842826e-01
3.491994369278404453e-01
2.991041716497254144e-01
2.818899828140680186e-01
3.095095546300936085e-01
3.286200980466592592e-01
3.186371656736124436e-01
3.595691345717248466e-01
4.013434784365150776e-01
3.417177460622616847e-01
3.275022872420890740e-01
3.224180768853223689e-01
3.848483442397629961e-01
3.848559435788705407e-01
3.776617261992255004e-01
3.940782211094419063e-01
3.753673582236392026e-01
3.656326453081626404e-01
3.719854897228844215e-01
3.806116349542271182e-01
3.644150432618711299e-01
4.005157702661307217e-01
3.890146078492507931e-01
3.755143822380319074e-01
3.626036381507565798e-01
3.600846882462895304e-01
2.287500000000000366e-01
