3.382429881045080911e-01
3.565758948541044582e-01
3.704200389466347776e-01
6.084896351011997995e-01
5.827534313481085304e-01
5.702027618672178555e-01
5.832378600468611785e-01
5.861870257653047922e-01
5.734419500080030208e-01
5.650706846212706358e-01
5.566994192345379178e-01
5.631579018272335757e-01
4.180110367101846913e-01
4.400516001871015992e-01
4.582223043913768445e-01
5.241694729284668286e-01
5.103804234833152487e-01
4.965007812856048197e-01
4.554130290298140649e-01
4.498119059398913988e-01
4.347522862819038769e-01
5.147658580341684109e-01
4.832096788633080120e-01
4.758574305494079337e-01
5.314233827239867036e-01
5.194915401706747815e-01
5.075596976173626373e-01
4.911868270216355747e-01
4.836960125107385711e-01
4.717641699574264269e-01
4.554193539627122145e-01
4.201961878465668709e-01
4.092166379124960174e-01
3.972847953591840398e-01
3.968103971437594302e-01
4.808068700151959529e-01
4.688257116882167952e-01
4.332833331058982829e-01
4.653533853757864103e-01
4.551987575459784385e-01
4.450441297161703558e-01
4.507295133758755235e-01
4.358790324815390305e-01
4.239870774154196331e-01
3.983494269620114214e-01
4.301717695239789530e-01
4.326699826125711690e-01
4.365223102726197846e-01
4.229926730508337673e-01
4.278947326274410989e-01
4.208599107860189759e-01
4.398592759112534001e-01
4.355238099781387762e-01
4.421229714936575905e-01
4.509638686185855061e-01
4.411143326694313416e-01
4.303653340073081424e-01
4.220335148364101618e-01
4.156700808108818035e-01
4.246618329815702308e-01
4.074750084652173920e-01
4.054656926584592203e-01
4.006971062121226779e-01
3.878041766213396468e-01
4.016473149010135746e-01
4.022677959896885369e-01
3.896707999236000419e-01
3.783957147213381500e-01
3.723201225047250151e-01
3.678840600349844725e-01
3.590248072228566234e-01
3.608681741016516176e-01
3.485648909174977050e-01
3.353427799608632576e-01
3.210576229939850479e-01
4.603245090952504115e-01
5.141408049204198027e-01
5.128042437356723493e-01
4.975339253544773799e-01
4.920646616608351231e-01
4.642000478655448070e-01
4.430980795165854191e-01
4.518674790280807207e-01
3.951712543293438573e-01
4.435646577693044823e-01
4.222151739270256776e-01
4.073874864134527374e-01
3.972449992231699145e-01
3.923229484249818877e-01
4.054410944004930295e-01
4.023118890899478606e-01
3.584959972844898313e-01
3.851075788296916547e-01
3.809577095519235956e-01
4.244746990963824129e-01
3.554785559924817928e-01
3.365691266652293678e-01
3.177160497199348899e-01
3.073390910727416547e-01
3.498273051971136915e-01
3.425696258760732582e-01
3.430034924927988227e-01
3.216027773374287024e-01
3.279902240774680844e-01
3.203989497203355019e-01
3.305687908931092545e-01
3.355188328649728602e-01
3.307823734764656076e-01
3.270657122177294540e-01
3.357176540416430544e-01
3.328552712114835055e-01
4.720519831284263335e-01
4.336908632667595409e-01
4.337641867483965630e-01
4.122666538456235541e-01
3.872556033301007838e-01
3.774512574088524919e-01
3.973625192390310978e-01
3.838993639166952132e-01
3.783344491994853342e-01
3.472616794669428075e-01
3.929056887819598054e-01
3.818704388751451573e-01
3.770528094817457432e-01
3.975016825966489753e-01
3.841226569802935753e-01
3.396547068614912401e-01
3.516124804685047400e-01
3.538149529946598704e-01
3.399134133473611374e-01
3.591196736287901592e-01
3.442126794703102011e-01
3.027949326189237622e-01
3.153746658461680785e-01
3.253716707457962598e-01
3.447499725259758341e-01
3.316216437758260360e-01
3.270531781055159293e-01
3.474605881303146071e-01
3.440686579240125331e-01
3.441636489732972093e-01
3.488341495516001367e-01
3.424779760895355629e-01
3.406006156126257234e-01
3.567400526737553035e-01
3.303319789133756790e-01
3.352537186753353771e-01
3.403276716973217542e-01
3.629125927547288133e-01
3.290257772152914151e-01
3.107781936766030872e-01
2.821509781924446680e-01
3.144433105983054366e-01
3.056979944022412687e-01
3.210639552231460692e-01
3.338423680582983111e-01
3.282039876432634173e-01
3.129967324152601593e-01
2.984338364998868065e-01
2.969306829781637735e-01
3.510680650041547723e-01
3.423493479910511006e-01
3.571006141572712345e-01
3.280219938484981723e-01
3.224636896660167951e-01
3.460725148058499956e-01
3.197822284503570311e-01
3.083218650089437629e-01
3.079528678290486821e-01
4.545804945291233023e-01
4.346999762185793648e-01
4.382068359220730458e-01
3.987076556306929365e-01
3.971007258605794843e-01
3.513810162133284010e-01
3.424618918467289830e-01
3.411414965293581569e-01
3.189507140669826102e-01
3.045487831361958220e-01
2.639542563004605991e-01
2.582861887773224008e-01
2.661894510028108840e-01
2.446468928029453260e-01
3.942904174988965949e-01
3.820385581533236041e-01
3.950160411874166222e-01
3.808344017002618931e-01
3.640417192265235635e-01
3.484700620329646559e-01
3.623254107809258939e-01
3.635023525370006392e-01
3.778786129721471432e-01
5.243858040701790957e-01
5.131294942906275969e-01
5.018731845110758760e-01
5.293030054899823256e-01
5.084828204377005445e-01
5.056785938895225208e-01
5.002000331680936940e-01
5.107482592037225766e-01
5.036599912567966131e-01
5.141374408759228354e-01
4.920374615705629395e-01
4.811549696792963848e-01
4.743384385504361700e-01
4.859793243910907612e-01
5.058375784864037605e-01
5.073756166126063283e-01
4.936472257845460621e-01
4.718741053128596152e-01
4.468570813266904418e-01
4.316166191898775928e-01
4.119816580873101319e-01
3.986966546282142976e-01
3.979008786236869488e-01
3.854173359062740278e-01
4.896587560925055871e-01
4.781083022336342081e-01
4.683379054519538620e-01
4.490062034359354470e-01
4.692141141693172424e-01
4.735307084478592721e-01
4.642493081137440414e-01
4.535085844507696917e-01
4.427678607877951200e-01
4.832844139080957335e-01
4.512722896965755126e-01
4.710168316703966518e-01
4.673415242889414900e-01
6.086003563380215642e-01
5.896025355094269838e-01
5.988440810143605963e-01
5.822285381940248694e-01
5.656129953736892535e-01
5.636419461691805077e-01
5.591339041521158348e-01
5.452104329349986012e-01
5.376068173155370555e-01
5.178761475935466096e-01
5.043757316748659347e-01
5.620213014580853761e-01
5.804045164501085985e-01
5.646840397390719968e-01
6.137582583978624662e-01
6.022597975629323530e-01
5.907613367280021288e-01
5.888766124305052641e-01
5.776462600503450284e-01
5.649330300074890676e-01
5.522197999646331068e-01
5.395065699217768129e-01
5.331260977711372862e-01
5.283816405507673064e-01
5.044145245631731500e-01
5.084597908190390259e-01
4.928876641450456453e-01
4.969334710692508428e-01
4.760147501978994056e-01
4.682443059082695980e-01
4.578740879383868534e-01
4.526168857066968365e-01
4.293267323966742932e-01
4.275612296145768210e-01
4.228749557602433651e-01
4.016438421349599608e-01
4.001189588348487702e-01
3.887921862650952076e-01
3.669395509949343603e-01
3.464710572481707884e-01
3.696747840932123053e-01
3.639194208735122560e-01
3.498984230782078431e-01
3.399308206186296699e-01
3.340166134947778476e-01
3.195070468926352603e-01
3.350491663193125857e-01
3.249847100237477360e-01
3.251533524321678081e-01
3.089093909856821529e-01
2.755344437683271974e-01
5.162038446163053074e-01
4.959801208492127245e-01
4.677615495745767737e-01
4.352500089344563672e-01
4.331547745658493320e-01
5.831020973355197645e-01
5.698344107163841876e-01
5.659274417774207144e-01
5.345820961367414581e-01
5.187097589972364808e-01
5.066735038895664456e-01
4.869021136717581744e-01
4.734720566114698492e-01
4.602768804500519950e-01
4.439614718942980764e-01
4.382311643708998172e-01
4.364270529142481592e-01
5.362843775847946359e-01
5.212433671627121345e-01
5.055261174856917616e-01
5.144859674348312151e-01
4.709573373318320932e-01
4.621937959432463883e-01
4.534327553805039823e-01
4.388611545230645117e-01
4.434604503417007293e-01
4.288560014756556127e-01
4.142515526096105516e-01
3.996471037435654905e-01
3.850426548775203739e-01
3.605779646008437922e-01
3.692097593379273790e-01
3.546053104718825955e-01
3.400008616058375344e-01
5.431363968445135360e-01
5.316269910315820635e-01
5.503743719402981460e-01
5.517480721973613278e-01
5.423296282020807491e-01
5.265873739108549723e-01
5.208554668733664794e-01
5.083391469607951851e-01
4.950432754900777610e-01
5.399038713031731884e-01
5.189315607980580225e-01
5.014421651062755947e-01
5.611058325474589381e-01
5.381035665449337424e-01
5.151509556532594125e-01
5.136528543568962268e-01
5.002656832709968526e-01
5.424577078728666235e-01
4.960702331257563213e-01
4.820878815562599229e-01
4.705210507154954369e-01
4.378556708902947014e-01
4.219151113185887203e-01
4.058510535397762409e-01
4.019747561470478625e-01
3.989436147731825755e-01
4.044574476384013018e-01
4.731925462902149548e-01
5.976818572489647208e-01
6.197285659954676618e-01
6.087829686550499941e-01
6.005404839417186613e-01
5.862427245390335884e-01
5.572120159039808396e-01
5.448604815778205213e-01
5.263129163162363344e-01
5.243611933948927328e-01
5.046796535080222412e-01
4.986948384173885973e-01
5.269574379252323082e-01
5.728136936677249436e-01
5.661569570952561525e-01
5.720331375073369751e-01
5.363529947269236597e-01
5.605005515827504725e-01
5.325612451537717895e-01
5.330085696428625841e-01
5.579181821407982467e-01
5.542625521024482360e-01
5.450341215026390795e-01
5.200475779659199382e-01
4.962289498677603938e-01
4.850188591121193382e-01
4.899460561341252851e-01
4.799695483041158672e-01
4.796334172647007676e-01
4.694308288108296479e-01
4.650680243798497315e-01
5.183526326413417928e-01
4.919999290411024573e-01
4.925332581491081441e-01
5.804610816022699460e-01
5.907413790551788724e-01
5.742325136514004891e-01
5.592629774257149577e-01
5.498736516054799628e-01
5.510812100456589091e-01
5.773926071655993697e-01
5.638419412648512097e-01
5.711305696995941927e-01
5.658580942210672537e-01
5.619280964980467585e-01
5.336114593786057680e-01
5.279892791655349527e-01
5.181295575061500847e-01
5.866044724364688490e-01
5.840310688477979850e-01
5.746177688282110285e-01
5.767371516941839360e-01
5.561620260745531175e-01
5.110826825915311122e-01
5.366185612072986721e-01
5.373923528235574620e-01
5.031841053419733312e-01
5.101000163554780809e-01
4.788304106877686595e-01
4.746223031700202988e-01
5.100871432472280365e-01
4.807555559322794214e-01
4.445203943521037204e-01
4.327030983370634964e-01
4.858592065759230749e-01
5.440679917753471484e-01
5.139486825466036413e-01
5.227286850923950068e-01
5.145399785192533715e-01
5.013868655243453043e-01
5.147412542558452708e-01
5.020193127405118139e-01
5.009728405598428136e-01
4.983616249151860966e-01
5.789398361498367951e-01
5.906982041581074760e-01
5.989246954544918955e-01
2.287500000000000089e-01
