7.816135952810149279e-02
7.872368407339636054e-02
7.932359395194418794e-02
7.813040135793192231e-02
7.923049237244557397e-02
8.022017819568477703e-02
8.085942838373594288e-02
8.131239931067538174e-02
8.147591775405646497e-02
8.200274947327204633e-02
8.252958119248761382e-02
8.123693836802146906e-02
7.994664720696256777e-02
8.108935223044147489e-02
8.226446038180132425e-02
8.287377898367720430e-02
8.398499795975977733e-02
8.509697548759820318e-02
8.334733906855816554e-02
8.418569532078087891e-02
8.510324951077448408e-02
8.502957770049969499e-02
8.569494376116901235e-02
8.615764532901690198e-02
8.621845150532628232e-02
8.696936225004282817e-02
8.772027299475934625e-02
8.850836938097936257e-02
8.922209448419239630e-02
8.997300522890891439e-02
9.076086670818264701e-02
9.170680049708558601e-02
9.244973749977497546e-02
9.320064824449152130e-02
9.385562345049365540e-02
8.657595680448938735e-02
8.719464612898261691e-02
8.801061839819755706e-02
8.827829250889170087e-02
8.891735718913118536e-02
8.955642186937069760e-02
8.846882541821975143e-02
8.940341583189140295e-02
9.043327184903469929e-02
9.157822340171749287e-02
8.929227556956710610e-02
8.988378304951538667e-02
9.046395224955912362e-02
8.601806840374599805e-02
8.681827201803835048e-02
8.771842559635724401e-02
8.833581473198483247e-02
8.908381637010651111e-02
8.974026012289278154e-02
9.037793336220316387e-02
9.117210544304289732e-02
8.835013586644349659e-02
8.900125260363711543e-02
8.963588764702984379e-02
9.025543024361649957e-02
9.120765113524256784e-02
9.203278762379787925e-02
9.288102805311521104e-02
9.379729527909658193e-02
9.044145996932936860e-02
9.123122548898054962e-02
9.213166366423379550e-02
9.302103320785214124e-02
9.386686632694948851e-02
9.441236303082990722e-02
9.473637130185372235e-02
9.544233660555342946e-02
9.626675472078503881e-02
9.709886636999676135e-02
9.793987912216503555e-02
7.704620115092418453e-02
7.732589423311900245e-02
7.826776115767847264e-02
7.932629829799774102e-02
8.030276919093311261e-02
8.146676095792537708e-02
8.276515977407920832e-02
8.400447155219499529e-02
8.579194047082708274e-02
8.644760276540940092e-02
8.743536705788762520e-02
8.836852300790060122e-02
8.926244881166589540e-02
9.011266282745912515e-02
9.072410932909552583e-02
9.138388501085531468e-02
9.238433868958208228e-02
9.259863315911527615e-02
9.282595636178474219e-02
9.068446887529603428e-02
9.213522564741850884e-02
9.316659606016711170e-02
9.419749462282754615e-02
9.515742090308763890e-02
9.543278321213630178e-02
9.607590635285388758e-02
9.600929642971640920e-02
9.566655346863636722e-02
9.599716288293748401e-02
9.644481900499002336e-02
9.690629463947954270e-02
9.757401371357785069e-02
9.832283985648314351e-02
9.676993508721830339e-02
9.707527429074196135e-02
9.747702530357003903e-02
8.606720849873208956e-02
8.691368665876882116e-02
8.743834531712714464e-02
8.839601227480770040e-02
8.963548971912910224e-02
9.074763829723046793e-02
9.109759253710103533e-02
9.148203197733643932e-02
9.207534338573769572e-02
9.288223731220990320e-02
9.295889742918050924e-02
9.342227621019695560e-02
9.383359357543125112e-02
9.391679532634378269e-02
9.402898561887389206e-02
9.336096953136850674e-02
9.362258196617530281e-02
9.404425516504877347e-02
9.460077057111619669e-02
9.496393517015820629e-02
9.569660468057239466e-02
9.665125417764967863e-02
9.715377166449919166e-02
9.767791486701056514e-02
9.513847225513882844e-02
9.596468187654570714e-02
9.671921800326492569e-02
9.726462598421169170e-02
9.800931073742846777e-02
9.376045231350520204e-02
9.443236784890238211e-02
9.531652014049434019e-02
9.616317040948327288e-02
9.405858871035714663e-02
9.460295308594629526e-02
9.531441436694942926e-02
9.493618720576811609e-02
9.525129001306724408e-02
9.626128740053539745e-02
9.726130830966714380e-02
9.834824001260071558e-02
9.651535456026079374e-02
9.743730593669626405e-02
9.789493320370870610e-02
9.837422654237225339e-02
9.900772748002056867e-02
9.972135057519376788e-02
1.004295783172707568e-01
1.010284541493531030e-01
9.683901812726265768e-02
9.564349505836095000e-02
9.436120508423495590e-02
9.500018924028212630e-02
9.544223295029573284e-02
9.577783701367881264e-02
9.597997961781871978e-02
9.680656696468027678e-02
9.691338399788775038e-02
8.787824088502681208e-02
8.874782153559289399e-02
8.942157485829015096e-02
9.058210631222465836e-02
9.155203786675879252e-02
9.289133480303929380e-02
9.392249286735261660e-02
9.489002520996188406e-02
9.603230959804368028e-02
9.710937632976049394e-02
9.840575905589672712e-02
9.940969535238201871e-02
1.002999961126946199e-01
1.014368527856597257e-01
9.047867303487121260e-02
9.125689733276436122e-02
9.182387115618663442e-02
9.261825390024135130e-02
9.343449944442300259e-02
9.416211563148235708e-02
9.456492798219778839e-02
9.507389924313233709e-02
9.378337239877780618e-02
8.173522395540357144e-02
8.244362116409593988e-02
8.315201837278829444e-02
8.373632341890172026e-02
8.483421671282749543e-02
8.569100493023522336e-02
8.657018589789740315e-02
8.469164507703004496e-02
8.533709915264615919e-02
8.583547186108239635e-02
8.660662208443659082e-02
8.728384597776846221e-02
8.771283307204880142e-02
8.790307213056720859e-02
8.766687877588089095e-02
8.773185782784376219e-02
8.859583136205678722e-02
8.952716507271167579e-02
9.048566065489928312e-02
9.136229507327651989e-02
9.227572553562535251e-02
9.313598649617478575e-02
9.389167258569315611e-02
9.474522275055866083e-02
8.392071319080110503e-02
8.473612349804940380e-02
8.553662902115852229e-02
8.629030535888271292e-02
8.658602042284142819e-02
8.701479674898174310e-02
8.761797953338119893e-02
8.829392918395045919e-02
8.896987883451966395e-02
8.752949749620997366e-02
8.634268214632720428e-02
8.678497948011011653e-02
8.742337603098269960e-02
7.652290031516433000e-02
7.758851928103133178e-02
7.841768422257455740e-02
7.946335588454467302e-02
8.050902754651480253e-02
8.143207785045764036e-02
8.237637091718509608e-02
8.339950130975026799e-02
8.436971425113891365e-02
8.544146951156784964e-02
8.646105757507914491e-02
7.645111950696244218e-02
7.734002648516238865e-02
7.851449069054104724e-02
7.893867767382702072e-02
7.966231425804046196e-02
8.038595084225388931e-02
8.106222862009304642e-02
8.184989825225247317e-02
8.264998432417135221e-02
8.345007039609020350e-02
8.425015646800904090e-02
8.465170091287348153e-02
8.495028546833553740e-02
8.567128683608765671e-02
8.615773476400219455e-02
8.683118353171027926e-02
8.736310767785260278e-02
8.810406495146964889e-02
8.873492900012017182e-02
8.938756148867710305e-02
8.971841480200946906e-02
9.027773684390402731e-02
9.102900418981994812e-02
9.180472775284789777e-02
9.271898466324027255e-02
9.346823725272808414e-02
9.429956307772725810e-02
9.521902411672504563e-02
9.575995488828364932e-02
9.594685744604324051e-02
9.676003585611833713e-02
9.764242412508007674e-02
9.826971867347171485e-02
9.864191950129327924e-02
9.908609104244985033e-02
9.847048828421139932e-02
9.919722903209070297e-02
9.983828593914718941e-02
1.006167689550366423e-01
1.015386932393424479e-01
8.675199491538844454e-02
8.771921795500756125e-02
8.875338349768024937e-02
8.982349495609265322e-02
9.063892442419335671e-02
8.115017367368417001e-02
8.203409002587634669e-02
8.283962716304313356e-02
8.392149828193098959e-02
8.492039752557790921e-02
8.588717646513052695e-02
8.691872328239962087e-02
8.789717281246456348e-02
8.887365563643850885e-02
8.987626480821192532e-02
9.079024275124550347e-02
9.167134584683027387e-02
8.387265664977314183e-02
8.479541886505027881e-02
8.572384337073957195e-02
8.644564144415241291e-02
8.760693636010706553e-02
8.847713603563005236e-02
8.934731477122370702e-02
9.026614652363899871e-02
9.102445641393405729e-02
9.194356320948357530e-02
9.286267000503312108e-02
9.378177680058268073e-02
9.470088359613221263e-02
9.570255222167511899e-02
9.642709716887307159e-02
9.734620396442263124e-02
9.826531075997219089e-02
7.960704220857647839e-02
8.048483675355572187e-02
8.110928499823405469e-02
8.182534496909772692e-02
8.257790810777930479e-02
8.338342181113983509e-02
8.425623573673181321e-02
8.533697586649520439e-02
8.642424334184115042e-02
8.407421849855667428e-02
8.518072031963128121e-02
8.625805897839335101e-02
8.178810874168238043e-02
8.273664846734195277e-02
8.368477242054224441e-02
8.445325335081528551e-02
8.532128390851270727e-02
8.552250880939263333e-02
8.613533452670017743e-02
8.705431711513184068e-02
8.795307405152864855e-02
8.902849347942196068e-02
8.996387254634105601e-02
9.090028568915693719e-02
9.173464820673045417e-02
9.245742824297729923e-02
9.240250687980777755e-02
7.673314423401009221e-02
7.620013522116085569e-02
7.691494480575453152e-02
7.790600575710471265e-02
7.887443299028548682e-02
7.989356228426229556e-02
8.103605359334267733e-02
8.203888674433422457e-02
8.309360053712960825e-02
8.400935392755452813e-02
8.507356272319316348e-02
8.602308602412646332e-02
7.670756291677044425e-02
7.721324849972109605e-02
7.831839924209302306e-02
7.931860929201056676e-02
8.023434833265381816e-02
8.050559444537663811e-02
8.150186194423175712e-02
8.226044234209825556e-02
8.262145750241994824e-02
8.302891784842160450e-02
8.348304040008140692e-02
8.317752163325506376e-02
8.423174245141780425e-02
8.518038939231065143e-02
8.589272178902156163e-02
8.662865225926305590e-02
8.728386187121008055e-02
8.802168536102936147e-02
8.871061113773830165e-02
8.553325235807632265e-02
8.616307344189692852e-02
8.656777224227533984e-02
8.037855256607062682e-02
8.102577863115159595e-02
8.178811155085126405e-02
8.253755535063869719e-02
8.324027490061973455e-02
8.385426455846808902e-02
8.109744296750000248e-02
8.006681748410053590e-02
8.016178814676729047e-02
8.055855132603632895e-02
8.129885829254454577e-02
8.224335960806584966e-02
8.299783556671563867e-02
8.378779333173407007e-02
7.699351243435621772e-02
7.785594651474937733e-02
7.877565245521006565e-02
7.963855660490368193e-02
8.073125027913902185e-02
8.202912281108221126e-02
8.271891367619671476e-02
8.359923670664533291e-02
8.477247154772185600e-02
8.553196740257122677e-02
8.654180049874622693e-02
8.732504210323496774e-02
8.542764294334868891e-02
8.643153214287126185e-02
8.771237441662835255e-02
8.878876087823721341e-02
8.625799637277710430e-02
8.243702024397361883e-02
8.313698192895653538e-02
8.351123167324360497e-02
8.420840408052641946e-02
8.512798465453690067e-02
8.582561246289563406e-02
8.441200134026893842e-02
8.542772881821171505e-02
8.645655821511136208e-02
7.938513043519863921e-02
7.973712383579405205e-02
8.011869036675217659e-02
3.674999999999999795e-02
